200
50
48.5 
48.0 
47.5 
50.0 
52.0 
53.5 
47.5 
47.5 
45.5 
47.5 
43.5 
53.0 
53.0 
53.0 
48.0 
44.0 
53.5 
49.0 
42.0 
52.5 
46.0 
53.5 
46.5 
43.0 
43.5 
51.5 
40.5 
44.0 
44.5 
47.5 
43.0 
47.5 
41.0 
45.5 
52.0 
45.5 
46.5 
54.0 
41.5 
50.5 
40.5 
48.5 
41.5 
40.0 
53.5 
44.0 
44.0 
46.0 
49.0 
45.0 
0.0 	1.0 	1.0 	1.0 	1.0 	1.0 	1.0 	1.0 	1.0 	1.0 	1.0 	1.0 	1.0 	1.0 	1.0 	1.0 	14.7 	1.0 	1.0 	1.0 	1.0 	1.0 	1.0 	9.7 	3.8 	6.0 	1.0 	1.0 	1.0 	-46.4 	12.5 	1.0 	6.5 	1.0 	-45.6 	1.0 	1.0 	1.0 	1.0 	1.0 	1.0 	1.0 	1.0 	1.0 	1.0 	1.0 	1.0 	1.0 	-33.6 	1.0 
1.0 	0.0 	1.0 	1.0 	-45.7 	1.0 	1.0 	1.0 	1.0 	19.9 	1.0 	1.0 	1.0 	1.0 	1.0 	1.0 	1.0 	1.0 	1.0 	1.0 	1.0 	1.0 	1.0 	1.0 	1.0 	1.0 	1.0 	1.0 	1.0 	1.0 	1.0 	11.6 	1.0 	1.0 	1.0 	1.0 	1.0 	1.0 	-49.0 	1.0 	1.0 	1.0 	1.0 	3.0 	1.0 	1.0 	-3.6 	1.0 	15.8 	1.0 
1.0 	1.0 	0.0 	1.0 	1.0 	1.0 	1.0 	1.0 	1.0 	1.0 	1.0 	16.5 	1.0 	1.0 	1.0 	7.1 	1.0 	1.0 	1.0 	1.0 	1.0 	1.0 	1.0 	5.2 	1.0 	17.1 	1.0 	1.0 	1.0 	1.0 	1.0 	1.0 	1.0 	1.0 	1.0 	1.0 	1.7 	6.8 	1.0 	1.0 	1.0 	1.0 	1.0 	1.0 	1.0 	1.0 	1.0 	1.0 	1.0 	1.0 
-22.8 	1.0 	1.0 	0.0 	18.3 	1.0 	1.0 	2.1 	1.0 	1.0 	17.7 	1.0 	8.3 	1.0 	1.0 	1.0 	1.0 	1.0 	1.0 	1.0 	1.0 	1.0 	7.4 	1.0 	1.0 	1.0 	1.0 	1.0 	8.8 	1.0 	1.0 	1.0 	1.0 	1.0 	1.0 	1.0 	1.0 	1.0 	1.0 	1.0 	1.0 	1.0 	1.0 	19.6 	19.3 	1.0 	1.0 	1.0 	7.0 	1.0 
1.0 	1.0 	1.0 	1.0 	0.0 	1.0 	1.0 	1.0 	1.0 	1.0 	1.0 	2.8 	1.0 	7.5 	1.0 	1.0 	1.0 	1.0 	13.0 	1.0 	1.0 	5.8 	1.0 	1.0 	1.0 	1.0 	1.0 	1.0 	1.0 	1.0 	1.0 	1.0 	1.0 	1.0 	1.0 	1.0 	1.0 	4.0 	1.0 	1.0 	1.0 	10.4 	1.0 	1.0 	1.0 	1.0 	1.0 	1.0 	1.0 	19.7 
1.0 	1.0 	1.0 	1.0 	12.3 	0.0 	15.6 	1.0 	1.0 	1.0 	1.0 	1.0 	1.0 	1.0 	1.0 	1.0 	1.0 	1.0 	1.0 	1.0 	3.3 	1.0 	1.0 	13.4 	1.0 	1.0 	1.0 	1.0 	1.0 	1.0 	1.0 	1.0 	1.0 	1.0 	1.0 	1.0 	0.3 	-39.0 	1.0 	5.3 	1.0 	1.0 	1.0 	12.7 	1.0 	1.0 	1.0 	1.3 	1.0 	1.0 
1.0 	1.0 	1.0 	1.0 	1.0 	1.0 	0.0 	1.0 	1.0 	1.0 	1.0 	1.0 	14.7 	1.0 	1.0 	1.0 	12.7 	1.0 	1.0 	-34.6 	1.0 	1.0 	2.2 	1.0 	1.0 	1.0 	1.0 	1.0 	1.0 	1.0 	15.9 	1.0 	1.0 	1.0 	1.0 	1.0 	1.0 	1.0 	1.0 	1.0 	1.0 	1.0 	1.0 	1.0 	1.0 	1.0 	1.0 	1.0 	9.1 	1.0 
1.0 	1.0 	1.0 	11.6 	1.0 	1.0 	1.0 	0.0 	1.0 	1.0 	1.0 	5.2 	1.0 	6.0 	1.0 	1.0 	1.0 	-34.4 	1.0 	1.0 	1.0 	1.0 	1.0 	1.0 	1.0 	18.7 	1.0 	1.0 	1.0 	1.0 	1.0 	1.0 	1.0 	1.0 	1.0 	1.0 	1.0 	1.0 	1.0 	18.7 	1.0 	1.0 	1.0 	1.0 	1.0 	7.7 	1.0 	1.0 	1.0 	1.0 
1.0 	17.0 	1.0 	1.0 	18.3 	1.0 	1.0 	1.0 	0.0 	1.0 	1.0 	1.0 	1.0 	19.6 	1.0 	1.0 	1.0 	1.0 	1.0 	1.0 	1.0 	1.2 	1.0 	1.0 	1.0 	1.0 	19.9 	1.0 	1.0 	1.0 	11.7 	15.5 	1.0 	1.0 	1.4 	-2.9 	9.3 	1.0 	1.0 	1.0 	1.0 	-49.9 	1.0 	1.0 	1.2 	18.4 	-9.8 	1.0 	1.0 	1.0 
1.0 	5.4 	1.0 	1.0 	1.0 	1.0 	1.0 	15.1 	1.0 	0.0 	1.0 	-26.2 	1.0 	1.0 	1.0 	1.0 	1.0 	1.0 	1.0 	1.0 	1.0 	1.0 	1.0 	-49.2 	1.0 	1.0 	1.0 	1.0 	1.0 	1.0 	1.0 	1.0 	10.3 	1.0 	1.0 	8.2 	1.0 	1.0 	1.0 	1.0 	1.0 	1.0 	18.7 	1.0 	1.0 	1.0 	1.0 	1.0 	1.0 	1.0 
1.0 	1.0 	1.0 	3.4 	1.0 	1.0 	4.9 	1.0 	11.0 	1.0 	0.0 	1.0 	1.0 	1.0 	1.0 	16.4 	1.0 	5.0 	1.0 	1.0 	1.0 	1.0 	4.0 	1.0 	1.0 	1.0 	1.0 	6.3 	1.0 	1.0 	1.0 	1.0 	12.0 	16.0 	1.0 	1.0 	19.6 	1.0 	10.0 	1.0 	1.0 	-10.3 	1.0 	1.0 	7.1 	1.0 	1.0 	1.0 	1.0 	1.0 
15.0 	-30.7 	1.0 	1.0 	1.0 	1.0 	1.0 	1.0 	1.0 	1.0 	1.0 	0.0 	1.0 	1.0 	1.0 	1.0 	1.0 	1.0 	1.0 	1.0 	1.0 	8.6 	1.0 	1.0 	1.0 	1.0 	1.0 	0.4 	1.0 	1.0 	1.0 	1.0 	-33.8 	1.0 	1.5 	-37.1 	1.0 	1.0 	11.8 	1.0 	1.0 	1.0 	1.0 	7.8 	1.0 	8.0 	1.0 	1.0 	3.1 	1.0 
1.0 	1.0 	1.0 	1.0 	1.0 	1.0 	1.0 	1.0 	-10.5 	1.0 	1.0 	1.0 	0.0 	1.0 	1.0 	1.0 	2.4 	4.6 	1.0 	1.0 	1.0 	1.0 	1.0 	1.0 	1.0 	1.0 	1.0 	1.0 	1.0 	18.9 	19.2 	1.0 	1.0 	1.0 	1.0 	14.5 	1.0 	1.0 	1.0 	1.0 	1.0 	1.0 	1.0 	1.0 	1.0 	1.7 	1.0 	19.5 	14.8 	1.0 
16.8 	1.0 	1.0 	1.0 	1.0 	1.0 	1.0 	1.0 	1.0 	1.0 	1.0 	1.0 	1.0 	0.0 	1.0 	1.0 	1.0 	1.0 	1.0 	1.0 	1.0 	1.0 	1.0 	1.0 	1.0 	1.0 	1.0 	1.0 	1.0 	1.0 	1.0 	19.3 	18.6 	1.0 	1.0 	1.0 	1.0 	1.0 	1.0 	1.0 	-43.0 	1.0 	12.8 	1.0 	-36.3 	1.0 	1.0 	1.0 	9.8 	1.0 
1.0 	1.0 	7.1 	1.0 	1.0 	12.2 	1.0 	1.0 	1.0 	1.0 	1.0 	1.0 	1.0 	14.1 	0.0 	1.0 	1.0 	1.0 	6.9 	1.0 	1.0 	1.0 	1.0 	1.0 	2.9 	1.0 	1.0 	1.0 	1.0 	7.3 	-36.8 	1.0 	1.0 	1.0 	1.0 	1.0 	1.0 	1.0 	1.0 	1.0 	1.0 	-18.9 	1.0 	1.0 	1.0 	1.0 	4.0 	-4.8 	1.0 	1.0 
1.0 	1.0 	1.0 	1.0 	1.0 	-26.5 	17.6 	1.0 	3.0 	-15.2 	1.0 	1.0 	8.3 	1.0 	1.0 	0.0 	1.0 	8.3 	19.8 	0.8 	1.0 	1.0 	1.0 	13.6 	17.8 	1.0 	1.0 	1.0 	1.0 	1.0 	1.0 	1.0 	1.0 	1.0 	1.0 	1.0 	1.0 	13.6 	1.0 	1.0 	13.3 	1.0 	1.0 	1.0 	1.0 	15.8 	1.0 	1.0 	-6.6 	12.3 
1.0 	8.6 	1.0 	1.0 	19.8 	1.0 	19.1 	1.0 	17.6 	11.4 	1.0 	1.0 	1.0 	1.0 	1.0 	1.0 	0.0 	1.0 	15.7 	-10.9 	1.0 	1.0 	1.0 	1.0 	1.0 	1.0 	-10.2 	1.0 	1.0 	1.0 	1.0 	1.0 	1.0 	1.0 	1.0 	1.0 	1.0 	1.0 	-17.7 	1.0 	1.0 	1.0 	11.8 	-9.4 	1.0 	9.2 	1.0 	12.1 	1.0 	14.0 
4.1 	3.5 	1.0 	1.0 	1.0 	1.0 	19.9 	1.0 	1.0 	1.0 	1.0 	1.0 	1.0 	1.0 	11.5 	1.0 	1.0 	0.0 	1.0 	1.0 	1.0 	3.4 	1.0 	-40.9 	1.0 	1.0 	1.0 	1.0 	1.0 	1.0 	11.7 	1.0 	7.0 	1.0 	1.9 	1.0 	1.0 	1.0 	1.0 	1.0 	1.0 	1.0 	18.0 	14.2 	1.0 	1.0 	1.0 	9.3 	1.0 	1.0 
1.0 	-5.0 	1.0 	1.0 	18.2 	1.0 	1.0 	1.0 	1.0 	1.0 	1.0 	1.0 	1.0 	1.0 	1.0 	1.0 	1.0 	1.0 	0.0 	-40.8 	2.8 	1.0 	1.0 	1.0 	1.0 	1.0 	1.0 	1.0 	1.0 	-36.1 	1.0 	1.0 	1.0 	1.0 	1.0 	1.0 	1.0 	8.0 	1.0 	1.0 	1.0 	1.0 	1.0 	1.0 	1.0 	1.0 	1.0 	1.0 	1.0 	1.0 
1.0 	1.0 	1.0 	1.0 	8.6 	1.0 	1.0 	8.3 	1.0 	1.0 	1.0 	1.0 	1.0 	1.0 	12.1 	1.0 	1.0 	1.0 	1.0 	0.0 	1.0 	1.0 	1.0 	1.0 	10.1 	1.0 	1.0 	1.0 	1.0 	1.0 	1.0 	1.0 	5.2 	14.2 	6.9 	1.0 	8.8 	1.0 	1.0 	1.0 	1.0 	1.0 	17.6 	1.0 	1.0 	7.9 	1.0 	1.0 	1.0 	1.0 
8.0 	1.0 	1.0 	1.0 	6.5 	1.0 	-45.9 	1.0 	1.0 	1.0 	1.0 	1.0 	1.0 	1.0 	-14.2 	1.0 	1.0 	1.0 	4.2 	1.0 	0.0 	1.0 	1.0 	1.0 	16.0 	1.0 	1.0 	5.8 	1.0 	1.0 	1.0 	1.0 	1.0 	11.8 	1.0 	1.0 	15.6 	16.5 	1.0 	1.0 	1.0 	1.0 	1.0 	1.0 	1.0 	1.0 	1.0 	1.0 	1.0 	1.0 
1.0 	6.6 	1.0 	1.0 	1.0 	1.0 	1.0 	1.0 	1.0 	1.0 	1.0 	1.1 	1.0 	1.0 	1.0 	1.0 	7.0 	1.0 	17.1 	1.0 	2.4 	0.0 	1.0 	10.5 	11.3 	0.3 	12.7 	1.0 	1.0 	1.0 	1.0 	1.0 	1.0 	1.0 	1.0 	1.0 	1.0 	15.8 	1.0 	1.0 	1.0 	1.0 	1.0 	1.0 	1.0 	1.0 	1.0 	1.0 	1.0 	1.0 
1.0 	1.0 	1.0 	1.0 	1.0 	10.4 	1.0 	1.0 	1.0 	8.6 	1.0 	1.0 	1.0 	1.0 	1.0 	-49.5 	1.0 	1.0 	12.6 	1.0 	1.0 	1.0 	0.0 	1.0 	1.0 	2.1 	1.0 	1.0 	1.0 	1.0 	1.0 	1.0 	1.0 	1.0 	1.0 	1.0 	1.0 	1.0 	1.0 	1.0 	4.0 	1.0 	7.7 	1.0 	1.0 	1.0 	1.0 	1.0 	1.0 	1.0 
1.0 	1.0 	1.0 	1.0 	1.0 	-1.6 	1.0 	-44.7 	1.0 	1.0 	1.0 	14.9 	7.6 	16.0 	1.0 	1.0 	1.0 	1.0 	1.0 	7.9 	1.0 	16.7 	1.0 	0.0 	1.0 	1.0 	1.0 	1.0 	2.6 	1.0 	1.0 	1.0 	1.5 	-10.8 	1.0 	1.0 	1.0 	1.0 	1.0 	1.0 	1.0 	1.0 	3.0 	1.0 	1.0 	1.0 	1.0 	5.2 	1.0 	1.0 
1.0 	1.0 	1.0 	15.0 	1.0 	1.0 	1.0 	9.9 	1.0 	1.0 	1.0 	1.0 	1.0 	5.2 	1.0 	1.0 	1.0 	2.8 	1.0 	1.0 	1.0 	1.0 	1.0 	1.0 	0.0 	1.0 	1.0 	1.0 	1.0 	1.0 	1.0 	1.0 	1.0 	1.0 	1.0 	1.0 	1.0 	1.0 	1.0 	1.0 	1.0 	1.0 	-46.0 	1.0 	1.0 	1.0 	1.0 	1.0 	1.0 	1.0 
-3.3 	1.0 	1.0 	1.0 	1.0 	1.0 	1.0 	1.0 	1.0 	1.0 	18.4 	1.0 	1.0 	1.0 	1.0 	1.0 	-44.6 	1.0 	1.0 	1.0 	12.4 	1.0 	1.0 	1.0 	1.0 	0.0 	3.5 	1.0 	1.0 	1.0 	1.0 	1.0 	1.0 	7.9 	1.0 	1.0 	1.0 	1.0 	-32.0 	1.0 	1.0 	1.0 	1.0 	1.0 	1.0 	1.0 	16.3 	1.0 	1.0 	-39.5 
1.0 	1.0 	1.0 	1.0 	1.2 	1.0 	17.9 	1.0 	1.0 	1.0 	1.5 	11.9 	10.5 	10.9 	1.0 	0.3 	1.0 	9.8 	11.4 	1.0 	1.0 	16.8 	1.0 	1.0 	1.0 	1.0 	0.0 	1.0 	1.0 	1.0 	1.0 	1.0 	-26.1 	1.0 	1.0 	1.0 	8.7 	1.0 	1.0 	1.0 	1.0 	1.0 	1.0 	1.0 	19.4 	15.8 	1.0 	1.0 	1.0 	1.0 
1.0 	11.0 	2.5 	1.0 	3.1 	11.7 	5.5 	1.0 	1.0 	6.8 	1.0 	1.0 	1.0 	1.0 	1.0 	1.0 	1.0 	1.0 	1.0 	1.0 	1.0 	1.0 	1.0 	0.6 	1.0 	11.7 	1.0 	0.0 	1.0 	1.0 	1.0 	1.0 	1.0 	1.0 	1.0 	1.0 	1.0 	1.0 	8.9 	1.0 	1.0 	1.0 	1.0 	1.5 	1.0 	1.0 	1.0 	1.0 	1.0 	1.0 
1.0 	1.0 	1.0 	1.0 	1.0 	1.0 	1.0 	1.0 	1.0 	1.0 	1.0 	1.0 	1.0 	1.0 	1.0 	1.0 	1.0 	1.0 	1.0 	1.0 	1.0 	5.4 	1.0 	1.0 	1.0 	1.0 	1.0 	1.0 	0.0 	1.0 	1.0 	1.0 	1.0 	1.0 	1.0 	1.0 	1.0 	1.0 	1.0 	1.0 	19.6 	1.0 	1.0 	1.0 	1.0 	1.0 	1.0 	1.0 	1.0 	-14.5 
1.0 	0.8 	1.0 	13.4 	1.0 	1.0 	5.5 	1.0 	-10.8 	1.0 	1.0 	1.0 	2.9 	1.0 	1.0 	5.6 	1.0 	1.0 	0.8 	1.0 	1.0 	1.0 	1.0 	18.7 	1.0 	1.0 	1.0 	1.0 	1.0 	0.0 	1.0 	1.0 	1.0 	1.0 	1.0 	1.0 	1.0 	1.0 	-20.4 	1.0 	1.0 	1.0 	1.0 	1.0 	18.2 	2.5 	1.0 	1.0 	1.0 	1.0 
1.0 	1.0 	5.5 	1.0 	1.0 	1.0 	1.0 	1.0 	1.0 	1.0 	1.0 	1.0 	-33.6 	1.0 	-38.2 	1.0 	1.0 	1.0 	1.0 	1.0 	1.0 	1.0 	13.0 	1.0 	1.0 	1.4 	1.0 	4.6 	1.0 	-11.2 	0.0 	14.3 	1.0 	1.0 	14.0 	17.2 	1.0 	1.0 	1.0 	1.0 	13.5 	1.0 	-21.8 	1.0 	1.0 	1.0 	-31.1 	1.0 	16.9 	1.0 
1.0 	1.0 	1.0 	-9.7 	1.0 	1.0 	-13.0 	19.9 	1.0 	1.0 	1.0 	1.0 	1.0 	-30.0 	1.0 	14.8 	1.0 	1.0 	1.0 	1.0 	1.0 	13.7 	1.0 	14.9 	1.0 	9.1 	1.0 	1.0 	1.0 	15.5 	1.0 	0.0 	1.0 	1.0 	1.0 	1.0 	1.0 	1.0 	1.0 	1.0 	1.0 	6.6 	1.0 	-12.7 	1.0 	1.0 	1.0 	1.0 	1.0 	1.0 
13.0 	16.5 	1.0 	1.0 	9.0 	1.0 	1.0 	1.0 	1.0 	1.0 	1.0 	1.0 	1.0 	1.0 	1.0 	1.0 	1.0 	1.0 	1.0 	1.7 	1.0 	2.8 	1.0 	1.0 	1.0 	1.0 	1.0 	1.0 	1.0 	-42.5 	1.0 	-33.0 	0.0 	1.0 	1.0 	1.0 	1.0 	1.0 	1.0 	0.2 	1.0 	1.0 	-23.2 	1.0 	1.0 	-19.3 	1.0 	1.0 	1.0 	1.0 
1.0 	-29.3 	15.3 	1.0 	1.0 	1.0 	1.0 	1.0 	1.0 	1.0 	1.0 	1.0 	1.0 	1.0 	1.0 	1.0 	1.0 	1.0 	1.0 	1.0 	1.0 	1.0 	1.0 	1.0 	1.0 	1.0 	1.0 	1.0 	1.0 	1.0 	1.0 	4.4 	-22.0 	0.0 	1.0 	1.0 	1.0 	1.0 	1.0 	1.0 	1.0 	1.0 	1.0 	1.0 	1.0 	16.0 	1.0 	1.0 	1.0 	1.0 
1.0 	1.0 	1.0 	1.0 	1.0 	1.0 	1.0 	14.5 	1.0 	1.0 	1.0 	1.0 	1.0 	1.0 	1.0 	1.0 	1.0 	1.0 	1.0 	1.0 	1.0 	1.0 	0.6 	-33.7 	1.0 	1.0 	1.0 	1.0 	2.0 	1.0 	1.0 	1.0 	1.0 	5.4 	0.0 	1.0 	1.0 	14.8 	1.0 	1.0 	14.1 	10.8 	7.3 	1.0 	1.0 	1.0 	1.0 	1.0 	1.0 	-23.3 
8.8 	1.0 	1.0 	1.0 	1.0 	1.0 	16.1 	1.0 	1.0 	1.0 	1.0 	1.0 	1.0 	1.0 	10.7 	1.0 	1.0 	1.0 	1.0 	1.0 	1.0 	1.0 	1.0 	1.0 	1.0 	1.0 	13.9 	1.0 	1.0 	1.0 	1.0 	1.0 	-47.8 	7.4 	1.0 	0.0 	11.5 	1.0 	1.0 	19.7 	1.0 	1.0 	1.0 	6.3 	1.0 	1.0 	1.0 	1.0 	1.0 	1.0 
1.0 	1.0 	14.2 	-13.6 	1.0 	1.0 	1.0 	1.0 	1.0 	1.0 	1.0 	1.0 	1.0 	5.4 	1.0 	1.0 	8.7 	3.7 	1.0 	1.0 	1.0 	1.0 	9.1 	1.0 	15.9 	5.8 	1.0 	1.0 	1.0 	1.0 	1.0 	4.0 	1.0 	1.0 	1.0 	1.0 	0.0 	8.6 	1.0 	1.0 	1.0 	1.0 	1.0 	1.0 	1.0 	-38.1 	1.0 	1.0 	1.0 	1.0 
1.0 	1.0 	1.0 	1.0 	1.0 	-39.3 	1.0 	1.0 	1.0 	1.0 	8.2 	1.0 	1.0 	12.7 	1.0 	1.0 	1.0 	1.0 	19.4 	1.0 	1.0 	1.0 	17.1 	12.8 	1.0 	1.0 	1.0 	1.0 	1.0 	-23.6 	1.0 	1.0 	1.0 	1.0 	1.0 	1.0 	1.0 	0.0 	1.0 	13.0 	11.5 	1.0 	-13.4 	1.0 	1.0 	1.0 	1.0 	1.0 	1.0 	1.0 
9.5 	1.0 	1.0 	1.0 	1.0 	1.0 	1.0 	1.0 	1.0 	1.0 	1.0 	17.2 	1.0 	1.0 	1.0 	1.0 	1.0 	1.0 	1.0 	1.0 	1.0 	1.0 	1.0 	1.0 	1.0 	1.0 	1.0 	1.0 	1.0 	19.3 	1.0 	1.0 	1.0 	1.0 	1.0 	1.0 	11.4 	1.0 	0.0 	1.0 	15.2 	1.0 	7.0 	1.0 	8.1 	1.0 	1.0 	1.0 	3.6 	10.8 
1.0 	1.0 	1.0 	1.0 	1.0 	1.8 	1.0 	1.0 	1.0 	1.0 	13.7 	1.0 	1.0 	1.0 	1.0 	1.0 	1.0 	1.0 	1.0 	1.0 	1.0 	1.0 	1.0 	1.0 	1.0 	1.0 	9.7 	1.0 	1.0 	1.0 	1.0 	8.6 	1.0 	3.6 	1.0 	1.0 	1.0 	1.0 	13.6 	0.0 	1.0 	1.0 	-44.3 	10.3 	1.0 	1.0 	1.0 	1.5 	1.0 	1.0 
9.5 	1.0 	1.0 	1.0 	1.0 	1.0 	1.0 	1.0 	1.0 	1.0 	1.0 	1.0 	7.2 	1.0 	1.0 	1.0 	0.0 	1.0 	1.0 	1.0 	1.0 	1.0 	1.0 	1.0 	2.6 	1.0 	1.0 	-13.9 	1.0 	1.0 	1.0 	1.0 	1.0 	1.0 	1.0 	1.0 	-18.7 	1.0 	1.0 	1.0 	0.0 	1.0 	1.0 	1.0 	1.0 	1.0 	1.0 	7.0 	3.0 	1.0 
1.0 	1.0 	1.0 	1.0 	1.0 	1.0 	1.0 	1.0 	1.0 	1.0 	1.0 	1.0 	1.0 	1.0 	10.3 	1.0 	1.0 	1.0 	1.0 	1.0 	1.0 	1.0 	1.0 	-22.9 	1.0 	1.0 	1.0 	16.8 	1.0 	1.0 	1.0 	1.0 	-12.4 	19.9 	1.0 	1.0 	-27.7 	1.0 	1.0 	1.0 	1.0 	0.0 	1.0 	1.0 	1.0 	1.0 	1.0 	1.0 	1.0 	14.7 
1.0 	-34.5 	13.8 	1.0 	1.0 	1.0 	6.7 	1.0 	1.0 	1.0 	1.0 	1.0 	1.0 	1.0 	1.0 	1.6 	1.0 	1.0 	1.0 	1.0 	1.0 	1.0 	-21.0 	1.0 	1.0 	1.0 	1.0 	1.0 	1.0 	1.0 	1.0 	1.0 	1.0 	1.0 	1.0 	1.0 	19.3 	1.0 	1.0 	1.0 	1.0 	1.0 	0.0 	1.0 	1.0 	1.0 	1.0 	1.0 	1.0 	1.0 
1.0 	1.0 	1.0 	1.0 	1.0 	1.0 	18.6 	1.0 	1.0 	-6.2 	1.0 	18.8 	7.3 	1.0 	1.0 	1.0 	1.0 	1.0 	-21.1 	18.8 	1.0 	1.0 	1.0 	3.9 	1.0 	1.0 	1.0 	1.0 	1.0 	1.0 	1.0 	1.0 	-33.0 	1.0 	1.0 	16.4 	1.0 	1.0 	9.8 	1.0 	4.8 	1.0 	1.0 	0.0 	1.0 	1.0 	1.0 	1.0 	1.0 	1.0 
6.8 	1.0 	12.7 	1.0 	1.0 	9.8 	1.0 	1.0 	1.0 	1.0 	1.0 	1.0 	1.0 	1.0 	1.0 	1.0 	1.0 	18.5 	5.1 	1.0 	1.0 	1.0 	1.0 	17.3 	16.7 	1.0 	1.0 	16.9 	-31.5 	1.0 	1.0 	1.0 	1.0 	1.0 	1.0 	1.0 	1.0 	19.9 	1.0 	12.5 	1.0 	1.0 	1.1 	1.0 	0.0 	1.0 	6.6 	1.0 	1.0 	1.0 
1.0 	-32.4 	1.0 	1.0 	1.0 	1.0 	1.0 	1.0 	1.0 	1.0 	1.0 	1.0 	1.0 	1.0 	1.0 	2.2 	1.0 	1.0 	1.0 	1.0 	1.0 	0.0 	1.0 	8.1 	1.0 	1.0 	1.0 	17.3 	1.0 	1.0 	1.0 	1.0 	16.8 	1.0 	1.0 	17.0 	1.0 	1.0 	14.1 	1.0 	1.0 	1.0 	1.0 	1.0 	1.0 	0.0 	1.0 	1.0 	16.5 	1.0 
1.0 	1.0 	-10.2 	1.0 	1.0 	1.0 	11.3 	1.0 	1.0 	1.0 	1.0 	1.0 	1.0 	1.0 	1.0 	1.0 	1.0 	1.0 	1.0 	1.0 	1.0 	1.0 	1.0 	1.0 	1.0 	1.0 	6.8 	1.0 	1.0 	1.0 	1.0 	1.0 	14.1 	1.0 	1.0 	5.3 	1.0 	1.0 	1.0 	1.0 	1.0 	14.8 	11.7 	16.8 	1.0 	1.0 	0.0 	1.0 	1.0 	1.0 
-23.2 	1.0 	1.0 	11.5 	1.0 	1.0 	1.0 	7.3 	1.0 	9.7 	1.0 	1.0 	1.6 	12.1 	1.0 	1.0 	5.7 	1.0 	1.0 	1.0 	1.0 	-49.0 	1.0 	1.0 	2.6 	1.0 	1.0 	1.0 	1.0 	1.0 	1.0 	1.0 	1.0 	7.5 	1.0 	1.0 	1.0 	1.0 	1.0 	1.0 	1.0 	1.0 	1.0 	1.0 	1.0 	13.5 	1.0 	0.0 	1.0 	1.0 
-30.6 	13.5 	1.0 	11.9 	1.0 	14.0 	1.0 	1.0 	1.0 	1.0 	1.0 	1.0 	1.0 	1.0 	-9.5 	1.0 	1.0 	-13.8 	1.5 	9.9 	1.0 	1.0 	1.0 	1.0 	1.0 	1.0 	1.0 	1.0 	1.3 	-19.7 	1.0 	1.0 	6.9 	1.0 	1.0 	1.0 	1.0 	13.3 	11.9 	1.0 	1.0 	1.0 	1.0 	1.0 	1.0 	1.0 	1.0 	4.5 	0.0 	1.0 
1.0 	1.0 	8.6 	1.0 	1.0 	1.0 	1.0 	1.0 	1.0 	1.0 	1.0 	1.0 	11.2 	1.0 	1.0 	1.0 	7.4 	1.0 	1.0 	1.0 	1.0 	1.0 	1.0 	1.0 	1.0 	1.0 	1.0 	1.0 	1.0 	1.0 	1.0 	1.0 	1.0 	1.0 	1.0 	1.0 	1.0 	1.0 	1.0 	1.0 	1.0 	1.0 	1.0 	1.0 	1.0 	1.0 	1.0 	1.0 	1.0 	0.0 
