100
30
32.3 
32.0 
31.7 
33.3 
34.7 
35.7 
31.7 
31.7 
30.3 
31.7 
29.0 
35.3 
35.3 
35.3 
32.0 
29.3 
35.7 
32.7 
28.0 
35.0 
30.7 
35.7 
31.0 
28.7 
29.0 
34.3 
27.0 
29.3 
29.7 
31.7 
0.0 	1.0 	1.0 	1.0 	1.0 	1.0 	1.0 	1.0 	1.0 	1.0 	1.0 	1.0 	1.0 	1.0 	1.0 	1.0 	14.7 	1.0 	1.0 	1.0 	1.0 	1.0 	1.0 	9.7 	3.8 	6.0 	1.0 	1.0 	1.0 	-46.4 
1.0 	0.0 	1.0 	1.0 	-45.7 	1.0 	1.0 	1.0 	1.0 	19.9 	1.0 	1.0 	1.0 	1.0 	1.0 	1.0 	1.0 	1.0 	1.0 	1.0 	1.0 	1.0 	1.0 	1.0 	1.0 	1.0 	1.0 	1.0 	1.0 	1.0 
1.0 	1.0 	0.0 	1.0 	1.0 	1.0 	1.0 	1.0 	1.0 	1.0 	1.0 	16.5 	1.0 	1.0 	1.0 	7.1 	1.0 	1.0 	1.0 	1.0 	1.0 	1.0 	1.0 	5.2 	1.0 	17.1 	1.0 	1.0 	1.0 	1.0 
-22.8 	1.0 	1.0 	0.0 	18.3 	1.0 	1.0 	2.1 	1.0 	1.0 	17.7 	1.0 	8.3 	1.0 	1.0 	1.0 	1.0 	1.0 	1.0 	1.0 	1.0 	1.0 	7.4 	1.0 	1.0 	1.0 	1.0 	1.0 	8.8 	1.0 
1.0 	1.0 	1.0 	1.0 	0.0 	1.0 	1.0 	1.0 	1.0 	1.0 	1.0 	2.8 	1.0 	7.5 	1.0 	1.0 	1.0 	1.0 	13.0 	1.0 	1.0 	5.8 	1.0 	1.0 	1.0 	1.0 	1.0 	1.0 	1.0 	1.0 
1.0 	1.0 	1.0 	1.0 	12.3 	0.0 	15.6 	1.0 	1.0 	1.0 	1.0 	1.0 	1.0 	1.0 	1.0 	1.0 	1.0 	1.0 	1.0 	1.0 	3.3 	1.0 	1.0 	13.4 	1.0 	1.0 	1.0 	1.0 	1.0 	1.0 
1.0 	1.0 	1.0 	1.0 	1.0 	1.0 	0.0 	1.0 	1.0 	1.0 	1.0 	1.0 	14.7 	1.0 	1.0 	1.0 	12.7 	1.0 	1.0 	-34.6 	1.0 	1.0 	2.2 	1.0 	1.0 	1.0 	1.0 	1.0 	1.0 	1.0 
1.0 	1.0 	1.0 	11.6 	1.0 	1.0 	1.0 	0.0 	1.0 	1.0 	1.0 	5.2 	1.0 	6.0 	1.0 	1.0 	1.0 	-34.4 	1.0 	1.0 	1.0 	1.0 	1.0 	1.0 	1.0 	18.7 	1.0 	1.0 	1.0 	1.0 
1.0 	17.0 	1.0 	1.0 	18.3 	1.0 	1.0 	1.0 	0.0 	1.0 	1.0 	1.0 	1.0 	19.6 	1.0 	1.0 	1.0 	1.0 	1.0 	1.0 	1.0 	1.2 	1.0 	1.0 	1.0 	1.0 	19.9 	1.0 	1.0 	1.0 
1.0 	5.4 	1.0 	1.0 	1.0 	1.0 	1.0 	15.1 	1.0 	0.0 	1.0 	-26.2 	1.0 	1.0 	1.0 	1.0 	1.0 	1.0 	1.0 	1.0 	1.0 	1.0 	1.0 	-49.2 	1.0 	1.0 	1.0 	1.0 	1.0 	1.0 
1.0 	1.0 	1.0 	3.4 	1.0 	1.0 	4.9 	1.0 	11.0 	1.0 	0.0 	1.0 	1.0 	1.0 	1.0 	16.4 	1.0 	5.0 	1.0 	1.0 	1.0 	1.0 	4.0 	1.0 	1.0 	1.0 	1.0 	6.3 	1.0 	1.0 
15.0 	-30.7 	1.0 	1.0 	1.0 	1.0 	1.0 	1.0 	1.0 	1.0 	1.0 	0.0 	1.0 	1.0 	1.0 	1.0 	1.0 	1.0 	1.0 	1.0 	1.0 	8.6 	1.0 	1.0 	1.0 	1.0 	1.0 	0.4 	1.0 	1.0 
1.0 	1.0 	1.0 	1.0 	1.0 	1.0 	1.0 	1.0 	-10.5 	1.0 	1.0 	1.0 	0.0 	1.0 	1.0 	1.0 	2.4 	4.6 	1.0 	1.0 	1.0 	1.0 	1.0 	1.0 	1.0 	1.0 	1.0 	1.0 	1.0 	18.9 
16.8 	1.0 	1.0 	1.0 	1.0 	1.0 	1.0 	1.0 	1.0 	1.0 	1.0 	1.0 	1.0 	0.0 	1.0 	1.0 	1.0 	1.0 	1.0 	1.0 	1.0 	1.0 	1.0 	1.0 	1.0 	1.0 	1.0 	1.0 	1.0 	1.0 
1.0 	1.0 	7.1 	1.0 	1.0 	12.2 	1.0 	1.0 	1.0 	1.0 	1.0 	1.0 	1.0 	14.1 	0.0 	1.0 	1.0 	1.0 	6.9 	1.0 	1.0 	1.0 	1.0 	1.0 	2.9 	1.0 	1.0 	1.0 	1.0 	7.3 
1.0 	1.0 	1.0 	1.0 	1.0 	-26.5 	17.6 	1.0 	3.0 	-15.2 	1.0 	1.0 	8.3 	1.0 	1.0 	0.0 	1.0 	8.3 	19.8 	0.8 	1.0 	1.0 	1.0 	13.6 	17.8 	1.0 	1.0 	1.0 	1.0 	1.0 
1.0 	8.6 	1.0 	1.0 	19.8 	1.0 	19.1 	1.0 	17.6 	11.4 	1.0 	1.0 	1.0 	1.0 	1.0 	1.0 	0.0 	1.0 	15.7 	-10.9 	1.0 	1.0 	1.0 	1.0 	1.0 	1.0 	-10.2 	1.0 	1.0 	1.0 
4.1 	3.5 	1.0 	1.0 	1.0 	1.0 	19.9 	1.0 	1.0 	1.0 	1.0 	1.0 	1.0 	1.0 	11.5 	1.0 	1.0 	0.0 	1.0 	1.0 	1.0 	3.4 	1.0 	-40.9 	1.0 	1.0 	1.0 	1.0 	1.0 	1.0 
1.0 	-5.0 	1.0 	1.0 	18.2 	1.0 	1.0 	1.0 	1.0 	1.0 	1.0 	1.0 	1.0 	1.0 	1.0 	1.0 	1.0 	1.0 	0.0 	-40.8 	2.8 	1.0 	1.0 	1.0 	1.0 	1.0 	1.0 	1.0 	1.0 	-36.1 
1.0 	1.0 	1.0 	1.0 	8.6 	1.0 	1.0 	8.3 	1.0 	1.0 	1.0 	1.0 	1.0 	1.0 	12.1 	1.0 	1.0 	1.0 	1.0 	0.0 	1.0 	1.0 	1.0 	1.0 	10.1 	1.0 	1.0 	1.0 	1.0 	1.0 
8.0 	1.0 	1.0 	1.0 	6.5 	1.0 	-45.9 	1.0 	1.0 	1.0 	1.0 	1.0 	1.0 	1.0 	-14.2 	1.0 	1.0 	1.0 	4.2 	1.0 	0.0 	1.0 	1.0 	1.0 	16.0 	1.0 	1.0 	5.8 	1.0 	1.0 
1.0 	6.6 	1.0 	1.0 	1.0 	1.0 	1.0 	1.0 	1.0 	1.0 	1.0 	1.1 	1.0 	1.0 	1.0 	1.0 	7.0 	1.0 	17.1 	1.0 	2.4 	0.0 	1.0 	10.5 	11.3 	0.3 	12.7 	1.0 	1.0 	1.0 
1.0 	1.0 	1.0 	1.0 	1.0 	10.4 	1.0 	1.0 	1.0 	8.6 	1.0 	1.0 	1.0 	1.0 	1.0 	-49.5 	1.0 	1.0 	12.6 	1.0 	1.0 	1.0 	0.0 	1.0 	1.0 	2.1 	1.0 	1.0 	1.0 	1.0 
1.0 	1.0 	1.0 	1.0 	1.0 	-1.6 	1.0 	-44.7 	1.0 	1.0 	1.0 	14.9 	7.6 	16.0 	1.0 	1.0 	1.0 	1.0 	1.0 	7.9 	1.0 	16.7 	1.0 	0.0 	1.0 	1.0 	1.0 	1.0 	2.6 	1.0 
1.0 	1.0 	1.0 	15.0 	1.0 	1.0 	1.0 	9.9 	1.0 	1.0 	1.0 	1.0 	1.0 	5.2 	1.0 	1.0 	1.0 	2.8 	1.0 	1.0 	1.0 	1.0 	1.0 	1.0 	0.0 	1.0 	1.0 	1.0 	1.0 	1.0 
-3.3 	1.0 	1.0 	1.0 	1.0 	1.0 	1.0 	1.0 	1.0 	1.0 	18.4 	1.0 	1.0 	1.0 	1.0 	1.0 	-44.6 	1.0 	1.0 	1.0 	12.4 	1.0 	1.0 	1.0 	1.0 	0.0 	3.5 	1.0 	1.0 	1.0 
1.0 	1.0 	1.0 	1.0 	1.2 	1.0 	17.9 	1.0 	1.0 	1.0 	1.5 	11.9 	10.5 	10.9 	1.0 	0.3 	1.0 	9.8 	11.4 	1.0 	1.0 	16.8 	1.0 	1.0 	1.0 	1.0 	0.0 	1.0 	1.0 	1.0 
1.0 	11.0 	2.5 	1.0 	3.1 	11.7 	5.5 	1.0 	1.0 	6.8 	1.0 	1.0 	1.0 	1.0 	1.0 	1.0 	1.0 	1.0 	1.0 	1.0 	1.0 	1.0 	1.0 	0.6 	1.0 	11.7 	1.0 	0.0 	1.0 	1.0 
1.0 	1.0 	1.0 	1.0 	1.0 	1.0 	1.0 	1.0 	1.0 	1.0 	1.0 	1.0 	1.0 	1.0 	1.0 	1.0 	1.0 	1.0 	1.0 	1.0 	1.0 	5.4 	1.0 	1.0 	1.0 	1.0 	1.0 	1.0 	0.0 	1.0 
1.0 	0.8 	1.0 	13.4 	1.0 	1.0 	5.5 	1.0 	-10.8 	1.0 	1.0 	1.0 	2.9 	1.0 	1.0 	5.6 	1.0 	1.0 	0.8 	1.0 	1.0 	1.0 	1.0 	18.7 	1.0 	1.0 	1.0 	1.0 	1.0 	0.0
