200
100
97
96
95
100
104
107
95
95
91
95
87
106
106
106
96
88
107
98
84
105
92
107
93
86
87
103
81
88
89
95
86
95
82
91
104
91
93
108
83
101
81
97
83
80
107
88
88
92
98
90
99
92
95
86
99
109
100
99
82
86
86
92
99
96
106
90
80
92
98
102
85
102
105
88
104
81
104
84
87
110
85
106
89
92
97
85
92
85
101
96
107
84
100
101
82
83
88
93
106
88
0.0 	1.0 	1.0 	1.0 	1.0 	1.0 	1.0 	1.0 	1.0 	1.0 	1.0 	1.0 	1.0 	1.0 	1.0 	1.0 	14.7 	1.0 	1.0 	1.0 	1.0 	1.0 	1.0 	9.7 	3.8 	6.0 	1.0 	1.0 	1.0 	-46.4 	12.5 	1.0 	6.5 	1.0 	-45.6 	1.0 	1.0 	1.0 	1.0 	1.0 	1.0 	1.0 	1.0 	1.0 	1.0 	1.0 	1.0 	1.0 	-33.6 	1.0 	1.0 	18.7 	1.0 	1.0 	1.0 	1.0 	1.0 	1.0 	1.0 	1.0 	1.0 	1.0 	1.0 	1.0 	1.0 	9.7 	1.0 	1.0 	1.0 	1.0 	1.0 	8.9 	1.0 	12.2 	1.0 	1.0 	1.0 	1.0 	1.0 	1.0 	1.0 	1.0 	1.0 	1.0 	1.0 	4.7 	1.0 	1.0 	1.0 	0.9 	1.0 	1.0 	1.0 	1.0 	6.1 	15.3 	14.3 	1.0 	1.0 	12.3 
1.0 	0.0 	1.0 	1.0 	-45.7 	1.0 	1.0 	1.0 	1.0 	19.9 	1.0 	1.0 	1.0 	1.0 	1.0 	1.0 	1.0 	1.0 	1.0 	1.0 	1.0 	1.0 	1.0 	1.0 	1.0 	1.0 	1.0 	1.0 	1.0 	1.0 	1.0 	11.6 	1.0 	1.0 	1.0 	1.0 	1.0 	1.0 	-49.0 	1.0 	1.0 	1.0 	1.0 	3.0 	1.0 	1.0 	-3.6 	1.0 	15.8 	1.0 	1.0 	1.0 	1.0 	1.0 	20.0 	1.0 	1.0 	1.0 	14.3 	1.0 	1.0 	1.0 	18.4 	1.0 	1.0 	1.0 	1.0 	19.9 	1.0 	1.0 	7.0 	1.0 	8.4 	1.0 	1.0 	1.0 	1.0 	1.0 	1.0 	1.0 	1.0 	1.0 	2.0 	3.6 	1.0 	1.0 	1.0 	1.0 	1.0 	1.0 	1.0 	0.2 	1.0 	1.0 	-44.3 	1.0 	1.0 	1.0 	1.0 	1.0 
1.0 	1.0 	0.0 	1.0 	1.0 	1.0 	1.0 	1.0 	1.0 	1.0 	1.0 	16.5 	1.0 	1.0 	1.0 	7.1 	1.0 	1.0 	1.0 	1.0 	1.0 	1.0 	1.0 	5.2 	1.0 	17.1 	1.0 	1.0 	1.0 	1.0 	1.0 	1.0 	1.0 	1.0 	1.0 	1.0 	1.7 	6.8 	1.0 	1.0 	1.0 	1.0 	1.0 	1.0 	1.0 	1.0 	1.0 	1.0 	1.0 	1.0 	1.0 	1.0 	-2.2 	1.0 	1.0 	1.0 	1.0 	1.0 	1.0 	1.0 	1.0 	1.0 	1.0 	1.0 	1.0 	1.0 	1.0 	1.0 	1.0 	1.0 	1.0 	1.0 	1.0 	1.0 	1.0 	1.0 	-37.6 	1.0 	1.0 	1.0 	3.7 	9.5 	1.0 	1.0 	-25.9 	1.0 	1.0 	1.0 	1.0 	1.0 	1.0 	9.6 	1.0 	1.0 	1.0 	1.0 	1.0 	1.0 	1.0 	2.5 
-22.8 	1.0 	1.0 	0.0 	18.3 	1.0 	1.0 	2.1 	1.0 	1.0 	17.7 	1.0 	8.3 	1.0 	1.0 	1.0 	1.0 	1.0 	1.0 	1.0 	1.0 	1.0 	7.4 	1.0 	1.0 	1.0 	1.0 	1.0 	8.8 	1.0 	1.0 	1.0 	1.0 	1.0 	1.0 	1.0 	1.0 	1.0 	1.0 	1.0 	1.0 	1.0 	1.0 	19.6 	19.3 	1.0 	1.0 	1.0 	7.0 	1.0 	1.0 	10.6 	1.0 	4.5 	1.0 	1.0 	1.0 	1.0 	6.8 	1.0 	1.0 	1.0 	1.0 	-31.1 	1.0 	-21.5 	1.4 	1.0 	1.0 	1.0 	1.0 	1.0 	-30.9 	-23.9 	1.0 	1.0 	-14.3 	1.0 	1.0 	16.1 	12.1 	3.4 	1.0 	1.0 	1.0 	1.0 	1.0 	1.0 	1.0 	1.0 	1.0 	1.0 	1.0 	14.0 	1.0 	1.0 	13.3 	13.3 	1.0 	1.0 
1.0 	1.0 	1.0 	1.0 	0.0 	1.0 	1.0 	1.0 	1.0 	1.0 	1.0 	2.8 	1.0 	7.5 	1.0 	1.0 	1.0 	1.0 	13.0 	1.0 	1.0 	5.8 	1.0 	1.0 	1.0 	1.0 	1.0 	1.0 	1.0 	1.0 	1.0 	1.0 	1.0 	1.0 	1.0 	1.0 	1.0 	4.0 	1.0 	1.0 	1.0 	10.4 	1.0 	1.0 	1.0 	1.0 	1.0 	1.0 	1.0 	19.7 	1.0 	1.0 	1.0 	1.0 	1.0 	14.0 	18.4 	16.1 	1.0 	1.0 	1.0 	1.0 	1.0 	1.3 	1.0 	1.0 	1.0 	1.0 	9.2 	1.0 	12.0 	1.0 	1.0 	1.0 	14.2 	1.0 	1.0 	1.0 	0.1 	2.1 	18.6 	1.0 	1.0 	1.0 	1.4 	1.0 	1.0 	1.0 	1.0 	14.1 	1.0 	1.0 	1.0 	4.6 	1.0 	6.3 	1.0 	1.0 	1.0 	1.0 
1.0 	1.0 	1.0 	1.0 	12.3 	0.0 	15.6 	1.0 	1.0 	1.0 	1.0 	1.0 	1.0 	1.0 	1.0 	1.0 	1.0 	1.0 	1.0 	1.0 	3.3 	1.0 	1.0 	13.4 	1.0 	1.0 	1.0 	1.0 	1.0 	1.0 	1.0 	1.0 	1.0 	1.0 	1.0 	1.0 	0.3 	-39.0 	1.0 	5.3 	1.0 	1.0 	1.0 	12.7 	1.0 	1.0 	1.0 	1.3 	1.0 	1.0 	1.0 	1.0 	1.7 	1.0 	2.1 	1.0 	1.0 	1.0 	9.9 	1.0 	1.0 	1.0 	1.0 	1.0 	1.0 	16.3 	1.0 	1.0 	1.0 	1.0 	1.0 	1.0 	1.0 	1.0 	1.0 	1.0 	1.0 	1.0 	1.0 	1.8 	19.0 	1.0 	1.0 	14.2 	1.0 	10.5 	1.0 	12.0 	1.0 	1.0 	1.0 	1.0 	1.0 	1.0 	1.0 	1.0 	1.0 	1.0 	1.0 	1.0 
1.0 	1.0 	1.0 	1.0 	1.0 	1.0 	0.0 	1.0 	1.0 	1.0 	1.0 	1.0 	14.7 	1.0 	1.0 	1.0 	12.7 	1.0 	1.0 	-34.6 	1.0 	1.0 	2.2 	1.0 	1.0 	1.0 	1.0 	1.0 	1.0 	1.0 	15.9 	1.0 	1.0 	1.0 	1.0 	1.0 	1.0 	1.0 	1.0 	1.0 	1.0 	1.0 	1.0 	1.0 	1.0 	1.0 	1.0 	1.0 	9.1 	1.0 	1.0 	7.3 	1.0 	2.2 	1.0 	1.0 	1.0 	3.0 	1.0 	1.0 	1.0 	6.9 	1.0 	1.0 	1.0 	1.0 	1.6 	1.0 	1.0 	18.1 	1.0 	1.0 	1.0 	1.0 	1.0 	1.0 	1.0 	1.0 	1.0 	1.0 	1.0 	1.0 	1.0 	1.5 	1.0 	1.0 	1.0 	1.0 	1.0 	1.0 	1.0 	1.0 	1.0 	1.0 	11.0 	1.0 	1.0 	1.0 	4.0 	1.0 
1.0 	1.0 	1.0 	11.6 	1.0 	1.0 	1.0 	0.0 	1.0 	1.0 	1.0 	5.2 	1.0 	6.0 	1.0 	1.0 	1.0 	-34.4 	1.0 	1.0 	1.0 	1.0 	1.0 	1.0 	1.0 	18.7 	1.0 	1.0 	1.0 	1.0 	1.0 	1.0 	1.0 	1.0 	1.0 	1.0 	1.0 	1.0 	1.0 	18.7 	1.0 	1.0 	1.0 	1.0 	1.0 	7.7 	1.0 	1.0 	1.0 	1.0 	1.0 	1.0 	1.0 	1.0 	1.0 	1.0 	1.0 	1.0 	1.0 	1.0 	1.0 	1.0 	1.0 	1.0 	1.0 	1.0 	-29.0 	1.0 	-17.1 	1.0 	1.0 	1.0 	-49.1 	10.8 	1.0 	1.0 	1.0 	1.0 	1.0 	1.0 	1.0 	4.3 	1.0 	1.0 	1.0 	1.0 	1.0 	1.0 	10.5 	1.0 	1.0 	1.0 	1.0 	1.0 	1.0 	1.0 	1.0 	1.0 	1.5 	1.0 
1.0 	17.0 	1.0 	1.0 	18.3 	1.0 	1.0 	1.0 	0.0 	1.0 	1.0 	1.0 	1.0 	19.6 	1.0 	1.0 	1.0 	1.0 	1.0 	1.0 	1.0 	1.2 	1.0 	1.0 	1.0 	1.0 	19.9 	1.0 	1.0 	1.0 	11.7 	15.5 	1.0 	1.0 	1.4 	-2.9 	9.3 	1.0 	1.0 	1.0 	1.0 	-49.9 	1.0 	1.0 	1.2 	18.4 	-9.8 	1.0 	1.0 	1.0 	16.0 	1.0 	1.0 	1.0 	1.0 	6.2 	1.0 	-5.4 	1.0 	1.0 	1.0 	1.0 	1.0 	11.4 	17.0 	1.0 	1.0 	1.0 	1.0 	15.0 	1.0 	1.0 	1.0 	1.0 	1.0 	1.0 	1.0 	5.1 	10.0 	1.1 	1.0 	1.0 	2.1 	6.8 	1.0 	1.0 	1.0 	1.0 	1.0 	1.0 	1.0 	1.0 	1.0 	1.0 	1.0 	1.0 	1.0 	1.0 	1.0 	1.0 
1.0 	5.4 	1.0 	1.0 	1.0 	1.0 	1.0 	15.1 	1.0 	0.0 	1.0 	-26.2 	1.0 	1.0 	1.0 	1.0 	1.0 	1.0 	1.0 	1.0 	1.0 	1.0 	1.0 	-49.2 	1.0 	1.0 	1.0 	1.0 	1.0 	1.0 	1.0 	1.0 	10.3 	1.0 	1.0 	8.2 	1.0 	1.0 	1.0 	1.0 	1.0 	1.0 	18.7 	1.0 	1.0 	1.0 	1.0 	1.0 	1.0 	1.0 	1.0 	1.0 	1.0 	1.0 	1.0 	1.0 	-24.1 	1.0 	1.0 	-19.0 	1.0 	-17.9 	1.0 	1.0 	0.8 	1.0 	1.0 	1.0 	1.0 	5.8 	1.0 	15.9 	1.0 	1.0 	1.0 	1.0 	1.0 	1.0 	1.0 	2.6 	1.0 	1.0 	1.0 	1.0 	1.0 	1.0 	1.0 	1.0 	1.0 	15.0 	1.0 	17.5 	1.0 	1.0 	1.0 	1.0 	1.0 	1.0 	1.0 	1.0 
1.0 	1.0 	1.0 	3.4 	1.0 	1.0 	4.9 	1.0 	11.0 	1.0 	0.0 	1.0 	1.0 	1.0 	1.0 	16.4 	1.0 	5.0 	1.0 	1.0 	1.0 	1.0 	4.0 	1.0 	1.0 	1.0 	1.0 	6.3 	1.0 	1.0 	1.0 	1.0 	12.0 	16.0 	1.0 	1.0 	19.6 	1.0 	10.0 	1.0 	1.0 	-10.3 	1.0 	1.0 	7.1 	1.0 	1.0 	1.0 	1.0 	1.0 	1.0 	2.3 	12.6 	1.0 	1.0 	10.5 	-13.6 	1.0 	1.0 	1.0 	1.0 	1.0 	1.0 	1.0 	1.0 	1.0 	1.0 	1.0 	1.0 	1.0 	1.0 	1.0 	0.3 	19.8 	1.0 	8.4 	1.0 	1.0 	1.0 	1.0 	1.0 	1.0 	1.0 	1.0 	1.0 	1.0 	1.0 	1.0 	8.2 	1.0 	1.0 	1.0 	1.0 	1.0 	8.9 	-18.6 	1.0 	1.0 	6.7 	1.0 
15.0 	-30.7 	1.0 	1.0 	1.0 	1.0 	1.0 	1.0 	1.0 	1.0 	1.0 	0.0 	1.0 	1.0 	1.0 	1.0 	1.0 	1.0 	1.0 	1.0 	1.0 	8.6 	1.0 	1.0 	1.0 	1.0 	1.0 	0.4 	1.0 	1.0 	1.0 	1.0 	-33.8 	1.0 	1.5 	-37.1 	1.0 	1.0 	11.8 	1.0 	1.0 	1.0 	1.0 	7.8 	1.0 	8.0 	1.0 	1.0 	3.1 	1.0 	1.0 	1.0 	1.0 	1.0 	-25.4 	1.0 	18.5 	1.0 	1.0 	1.0 	1.0 	1.0 	1.0 	17.4 	1.0 	4.4 	13.9 	1.0 	1.0 	1.0 	1.0 	1.0 	1.0 	1.0 	1.0 	1.0 	1.0 	1.0 	1.0 	10.6 	1.0 	1.0 	1.0 	1.0 	1.0 	1.0 	17.3 	12.9 	1.0 	1.0 	-3.8 	1.0 	1.0 	9.9 	1.0 	1.0 	1.0 	1.0 	1.0 	1.0 
1.0 	1.0 	1.0 	1.0 	1.0 	1.0 	1.0 	1.0 	-10.5 	1.0 	1.0 	1.0 	0.0 	1.0 	1.0 	1.0 	2.4 	4.6 	1.0 	1.0 	1.0 	1.0 	1.0 	1.0 	1.0 	1.0 	1.0 	1.0 	1.0 	18.9 	19.2 	1.0 	1.0 	1.0 	1.0 	14.5 	1.0 	1.0 	1.0 	1.0 	1.0 	1.0 	1.0 	1.0 	1.0 	1.7 	1.0 	19.5 	14.8 	1.0 	10.1 	9.2 	1.0 	1.0 	1.0 	1.0 	1.0 	1.0 	1.0 	1.0 	1.0 	17.4 	1.0 	1.0 	1.0 	1.0 	3.4 	1.0 	1.0 	1.0 	12.0 	19.6 	1.0 	1.0 	9.3 	1.0 	1.0 	1.0 	1.0 	7.6 	1.0 	1.0 	1.0 	1.0 	1.0 	-13.2 	1.0 	1.0 	1.0 	1.0 	1.0 	1.0 	1.0 	1.0 	1.0 	-22.4 	1.0 	1.0 	18.8 	1.0 
16.8 	1.0 	1.0 	1.0 	1.0 	1.0 	1.0 	1.0 	1.0 	1.0 	1.0 	1.0 	1.0 	0.0 	1.0 	1.0 	1.0 	1.0 	1.0 	1.0 	1.0 	1.0 	1.0 	1.0 	1.0 	1.0 	1.0 	1.0 	1.0 	1.0 	1.0 	19.3 	18.6 	1.0 	1.0 	1.0 	1.0 	1.0 	1.0 	1.0 	-43.0 	1.0 	12.8 	1.0 	-36.3 	1.0 	1.0 	1.0 	9.8 	1.0 	1.0 	1.0 	1.0 	1.0 	1.0 	1.0 	1.0 	1.0 	1.0 	1.0 	1.0 	1.0 	1.0 	1.0 	-13.0 	1.0 	1.0 	1.0 	1.0 	1.0 	1.0 	17.2 	-30.0 	1.0 	1.0 	1.0 	1.0 	1.0 	1.0 	14.4 	1.0 	1.0 	1.0 	4.3 	-7.8 	1.0 	1.0 	12.6 	1.0 	4.1 	1.0 	1.0 	1.0 	5.5 	1.0 	-6.8 	8.5 	1.0 	1.0 	-29.9 
1.0 	1.0 	7.1 	1.0 	1.0 	12.2 	1.0 	1.0 	1.0 	1.0 	1.0 	1.0 	1.0 	14.1 	0.0 	1.0 	1.0 	1.0 	6.9 	1.0 	1.0 	1.0 	1.0 	1.0 	2.9 	1.0 	1.0 	1.0 	1.0 	7.3 	-36.8 	1.0 	1.0 	1.0 	1.0 	1.0 	1.0 	1.0 	1.0 	1.0 	1.0 	-18.9 	1.0 	1.0 	1.0 	1.0 	4.0 	-4.8 	1.0 	1.0 	1.0 	1.0 	1.0 	1.0 	16.2 	1.0 	1.0 	1.0 	1.0 	1.0 	15.2 	1.0 	1.0 	-42.8 	1.0 	-22.5 	1.0 	1.0 	18.3 	-9.1 	1.0 	1.0 	1.0 	6.8 	1.0 	9.2 	1.0 	1.0 	1.0 	1.0 	1.0 	1.0 	-18.1 	1.0 	1.0 	11.5 	1.0 	1.0 	1.0 	1.0 	1.0 	1.0 	16.8 	6.0 	8.3 	1.0 	1.0 	1.0 	13.9 	13.0 
1.0 	1.0 	1.0 	1.0 	1.0 	-26.5 	17.6 	1.0 	3.0 	-15.2 	1.0 	1.0 	8.3 	1.0 	1.0 	0.0 	1.0 	8.3 	19.8 	0.8 	1.0 	1.0 	1.0 	13.6 	17.8 	1.0 	1.0 	1.0 	1.0 	1.0 	1.0 	1.0 	1.0 	1.0 	1.0 	1.0 	1.0 	13.6 	1.0 	1.0 	13.3 	1.0 	1.0 	1.0 	1.0 	15.8 	1.0 	1.0 	-6.6 	12.3 	-34.0 	1.0 	6.4 	1.0 	1.0 	1.0 	1.0 	1.0 	1.0 	1.0 	1.0 	10.2 	1.0 	1.0 	1.0 	1.0 	1.0 	1.0 	1.0 	1.0 	2.2 	1.0 	1.0 	1.0 	6.4 	1.0 	9.4 	1.0 	1.0 	1.0 	3.9 	13.4 	1.0 	1.0 	1.0 	1.0 	1.0 	1.0 	1.0 	1.0 	-24.4 	1.0 	1.0 	-30.0 	1.0 	1.0 	1.0 	1.0 	15.1 	-6.6 
1.0 	8.6 	1.0 	1.0 	19.8 	1.0 	19.1 	1.0 	17.6 	11.4 	1.0 	1.0 	1.0 	1.0 	1.0 	1.0 	0.0 	1.0 	15.7 	-10.9 	1.0 	1.0 	1.0 	1.0 	1.0 	1.0 	-10.2 	1.0 	1.0 	1.0 	1.0 	1.0 	1.0 	1.0 	1.0 	1.0 	1.0 	1.0 	-17.7 	1.0 	1.0 	1.0 	11.8 	-9.4 	1.0 	9.2 	1.0 	12.1 	1.0 	14.0 	1.0 	1.0 	1.0 	1.0 	1.0 	1.0 	1.0 	1.0 	1.0 	1.0 	1.0 	1.0 	1.0 	1.0 	1.0 	1.0 	7.5 	1.0 	1.0 	19.1 	1.0 	1.0 	15.5 	1.0 	1.0 	1.0 	1.0 	1.0 	-30.9 	1.0 	1.0 	10.2 	3.8 	1.0 	1.0 	1.0 	1.0 	17.0 	1.0 	1.0 	1.0 	11.5 	1.0 	12.9 	1.0 	1.0 	1.0 	1.0 	1.0 	-46.2 
4.1 	3.5 	1.0 	1.0 	1.0 	1.0 	19.9 	1.0 	1.0 	1.0 	1.0 	1.0 	1.0 	1.0 	11.5 	1.0 	1.0 	0.0 	1.0 	1.0 	1.0 	3.4 	1.0 	-40.9 	1.0 	1.0 	1.0 	1.0 	1.0 	1.0 	11.7 	1.0 	7.0 	1.0 	1.9 	1.0 	1.0 	1.0 	1.0 	1.0 	1.0 	1.0 	18.0 	14.2 	1.0 	1.0 	1.0 	9.3 	1.0 	1.0 	1.0 	1.0 	1.0 	1.0 	1.0 	1.0 	1.0 	1.0 	1.0 	1.0 	1.0 	1.0 	1.0 	1.0 	1.0 	1.0 	1.0 	1.0 	1.0 	1.0 	1.0 	1.0 	13.7 	16.5 	1.0 	14.5 	1.0 	1.0 	1.0 	1.0 	1.0 	1.0 	1.0 	1.0 	1.0 	1.0 	1.0 	1.0 	1.0 	1.0 	1.0 	1.0 	-0.4 	16.7 	15.7 	1.0 	1.0 	1.0 	1.0 	1.0 
1.0 	-5.0 	1.0 	1.0 	18.2 	1.0 	1.0 	1.0 	1.0 	1.0 	1.0 	1.0 	1.0 	1.0 	1.0 	1.0 	1.0 	1.0 	0.0 	-40.8 	2.8 	1.0 	1.0 	1.0 	1.0 	1.0 	1.0 	1.0 	1.0 	-36.1 	1.0 	1.0 	1.0 	1.0 	1.0 	1.0 	1.0 	8.0 	1.0 	1.0 	1.0 	1.0 	1.0 	1.0 	1.0 	1.0 	1.0 	1.0 	1.0 	1.0 	1.0 	1.0 	1.0 	1.0 	1.0 	1.0 	1.0 	-40.5 	1.0 	2.7 	1.0 	1.0 	1.0 	1.0 	1.0 	1.0 	-12.5 	1.0 	1.0 	2.0 	1.0 	1.0 	1.0 	1.0 	1.0 	1.0 	1.0 	9.5 	1.0 	1.0 	1.0 	9.6 	7.2 	14.6 	1.0 	1.0 	1.0 	1.0 	1.0 	1.0 	1.0 	1.0 	1.0 	1.0 	1.0 	1.0 	1.0 	1.0 	1.0 	1.0 
1.0 	1.0 	1.0 	1.0 	8.6 	1.0 	1.0 	8.3 	1.0 	1.0 	1.0 	1.0 	1.0 	1.0 	12.1 	1.0 	1.0 	1.0 	1.0 	0.0 	1.0 	1.0 	1.0 	1.0 	10.1 	1.0 	1.0 	1.0 	1.0 	1.0 	1.0 	1.0 	5.2 	14.2 	6.9 	1.0 	8.8 	1.0 	1.0 	1.0 	1.0 	1.0 	17.6 	1.0 	1.0 	7.9 	1.0 	1.0 	1.0 	1.0 	1.0 	1.0 	1.0 	1.0 	1.0 	14.8 	1.0 	1.0 	6.6 	7.2 	1.0 	1.0 	1.0 	1.0 	10.3 	1.0 	1.0 	1.0 	1.0 	1.0 	1.0 	1.0 	1.0 	1.0 	1.0 	1.0 	1.0 	1.0 	1.0 	1.0 	1.0 	1.0 	1.0 	1.0 	0.3 	1.0 	1.0 	1.0 	1.0 	1.0 	9.9 	1.0 	1.0 	1.0 	19.0 	1.0 	1.0 	1.0 	1.0 	1.0 
8.0 	1.0 	1.0 	1.0 	6.5 	1.0 	-45.9 	1.0 	1.0 	1.0 	1.0 	1.0 	1.0 	1.0 	-14.2 	1.0 	1.0 	1.0 	4.2 	1.0 	0.0 	1.0 	1.0 	1.0 	16.0 	1.0 	1.0 	5.8 	1.0 	1.0 	1.0 	1.0 	1.0 	11.8 	1.0 	1.0 	15.6 	16.5 	1.0 	1.0 	1.0 	1.0 	1.0 	1.0 	1.0 	1.0 	1.0 	1.0 	1.0 	1.0 	1.0 	5.7 	1.0 	1.0 	1.0 	1.0 	1.0 	-7.4 	1.0 	1.0 	1.0 	1.0 	1.0 	1.0 	19.0 	1.0 	1.0 	1.0 	1.0 	1.0 	0.9 	1.0 	1.0 	1.0 	1.0 	1.0 	6.2 	1.0 	1.0 	1.0 	1.0 	1.0 	1.0 	1.0 	1.0 	1.0 	1.0 	1.0 	-22.9 	1.0 	1.0 	1.0 	1.0 	2.6 	1.0 	1.0 	1.0 	1.0 	1.0 	1.0 
1.0 	6.6 	1.0 	1.0 	1.0 	1.0 	1.0 	1.0 	1.0 	1.0 	1.0 	1.1 	1.0 	1.0 	1.0 	1.0 	7.0 	1.0 	17.1 	1.0 	2.4 	0.0 	1.0 	10.5 	11.3 	0.3 	12.7 	1.0 	1.0 	1.0 	1.0 	1.0 	1.0 	1.0 	1.0 	1.0 	1.0 	15.8 	1.0 	1.0 	1.0 	1.0 	1.0 	1.0 	1.0 	1.0 	1.0 	1.0 	1.0 	1.0 	5.6 	1.0 	1.0 	8.1 	18.2 	1.0 	1.0 	1.0 	1.0 	1.0 	12.4 	1.0 	1.0 	1.0 	1.0 	8.2 	1.0 	1.0 	12.4 	2.0 	1.0 	1.0 	9.8 	1.0 	-46.3 	1.0 	1.0 	1.0 	1.0 	1.0 	1.0 	1.0 	5.2 	1.0 	1.0 	1.0 	1.0 	19.9 	1.0 	1.0 	1.0 	1.0 	1.0 	1.0 	1.0 	1.0 	15.0 	1.0 	1.0 	1.0 
1.0 	1.0 	1.0 	1.0 	1.0 	10.4 	1.0 	1.0 	1.0 	8.6 	1.0 	1.0 	1.0 	1.0 	1.0 	-49.5 	1.0 	1.0 	12.6 	1.0 	1.0 	1.0 	0.0 	1.0 	1.0 	2.1 	1.0 	1.0 	1.0 	1.0 	1.0 	1.0 	1.0 	1.0 	1.0 	1.0 	1.0 	1.0 	1.0 	1.0 	4.0 	1.0 	7.7 	1.0 	1.0 	1.0 	1.0 	1.0 	1.0 	1.0 	1.0 	1.0 	6.7 	1.0 	1.0 	1.0 	-40.8 	1.0 	1.0 	1.0 	1.0 	1.0 	1.0 	1.0 	1.0 	1.0 	11.9 	1.0 	1.0 	1.0 	1.0 	1.0 	5.9 	19.4 	1.0 	1.0 	1.0 	1.0 	1.0 	1.0 	-31.7 	-45.4 	1.0 	1.0 	1.0 	1.0 	-2.8 	1.0 	1.0 	1.0 	1.0 	1.0 	1.0 	1.0 	1.0 	-25.2 	-48.2 	1.0 	1.0 	1.0 
1.0 	1.0 	1.0 	1.0 	1.0 	-1.6 	1.0 	-44.7 	1.0 	1.0 	1.0 	14.9 	7.6 	16.0 	1.0 	1.0 	1.0 	1.0 	1.0 	7.9 	1.0 	16.7 	1.0 	0.0 	1.0 	1.0 	1.0 	1.0 	2.6 	1.0 	1.0 	1.0 	1.5 	-10.8 	1.0 	1.0 	1.0 	1.0 	1.0 	1.0 	1.0 	1.0 	3.0 	1.0 	1.0 	1.0 	1.0 	5.2 	1.0 	1.0 	1.0 	1.1 	5.8 	18.9 	1.0 	4.1 	1.0 	15.0 	1.0 	1.0 	1.0 	3.8 	1.0 	7.0 	1.0 	1.0 	1.0 	1.0 	1.0 	1.0 	1.0 	1.0 	1.0 	1.0 	14.8 	9.2 	1.0 	-13.2 	1.0 	1.0 	1.0 	1.0 	1.0 	16.9 	-10.7 	1.0 	1.0 	1.0 	8.5 	1.0 	1.0 	1.0 	1.0 	1.0 	1.0 	1.0 	1.0 	-49.0 	-21.5 	1.0 
1.0 	1.0 	1.0 	15.0 	1.0 	1.0 	1.0 	9.9 	1.0 	1.0 	1.0 	1.0 	1.0 	5.2 	1.0 	1.0 	1.0 	2.8 	1.0 	1.0 	1.0 	1.0 	1.0 	1.0 	0.0 	1.0 	1.0 	1.0 	1.0 	1.0 	1.0 	1.0 	1.0 	1.0 	1.0 	1.0 	1.0 	1.0 	1.0 	1.0 	1.0 	1.0 	-46.0 	1.0 	1.0 	1.0 	1.0 	1.0 	1.0 	1.0 	1.0 	1.0 	3.9 	1.0 	1.0 	1.0 	1.0 	1.0 	1.0 	0.9 	8.4 	1.0 	1.0 	1.6 	1.0 	1.0 	1.0 	1.0 	1.0 	1.0 	1.0 	1.0 	9.0 	1.0 	1.0 	1.0 	16.4 	1.0 	1.0 	1.0 	-4.5 	1.0 	1.0 	1.0 	1.0 	1.0 	1.0 	1.0 	1.0 	1.0 	4.5 	1.0 	1.0 	1.0 	1.0 	4.3 	1.0 	1.0 	1.0 	1.0 
-3.3 	1.0 	1.0 	1.0 	1.0 	1.0 	1.0 	1.0 	1.0 	1.0 	18.4 	1.0 	1.0 	1.0 	1.0 	1.0 	-44.6 	1.0 	1.0 	1.0 	12.4 	1.0 	1.0 	1.0 	1.0 	0.0 	3.5 	1.0 	1.0 	1.0 	1.0 	1.0 	1.0 	7.9 	1.0 	1.0 	1.0 	1.0 	-32.0 	1.0 	1.0 	1.0 	1.0 	1.0 	1.0 	1.0 	16.3 	1.0 	1.0 	-39.5 	1.0 	1.0 	1.0 	1.0 	1.0 	1.0 	6.2 	1.0 	1.0 	1.0 	1.0 	1.0 	1.0 	1.0 	1.0 	-32.4 	1.0 	1.0 	1.0 	18.8 	1.0 	1.0 	1.0 	1.0 	1.0 	1.0 	1.0 	1.0 	1.0 	-34.9 	9.6 	1.0 	1.0 	-46.4 	1.0 	1.0 	1.0 	1.0 	1.0 	1.0 	1.0 	2.7 	1.0 	10.6 	1.0 	1.0 	1.0 	1.0 	1.0 	1.0 
1.0 	1.0 	1.0 	1.0 	1.2 	1.0 	17.9 	1.0 	1.0 	1.0 	1.5 	11.9 	10.5 	10.9 	1.0 	0.3 	1.0 	9.8 	11.4 	1.0 	1.0 	16.8 	1.0 	1.0 	1.0 	1.0 	0.0 	1.0 	1.0 	1.0 	1.0 	1.0 	-26.1 	1.0 	1.0 	1.0 	8.7 	1.0 	1.0 	1.0 	1.0 	1.0 	1.0 	1.0 	19.4 	15.8 	1.0 	1.0 	1.0 	1.0 	1.0 	1.0 	1.0 	-42.9 	1.0 	14.8 	1.0 	1.0 	1.0 	1.0 	1.0 	1.0 	1.0 	0.2 	1.0 	1.0 	1.0 	1.0 	1.0 	2.2 	1.0 	1.0 	1.0 	8.6 	-15.9 	1.0 	20.0 	1.0 	1.0 	1.0 	1.0 	1.0 	1.0 	4.4 	1.0 	1.0 	1.0 	1.0 	1.0 	1.0 	1.0 	1.0 	1.0 	1.0 	10.7 	1.0 	1.0 	1.0 	1.0 	1.0 
1.0 	11.0 	2.5 	1.0 	3.1 	11.7 	5.5 	1.0 	1.0 	6.8 	1.0 	1.0 	1.0 	1.0 	1.0 	1.0 	1.0 	1.0 	1.0 	1.0 	1.0 	1.0 	1.0 	0.6 	1.0 	11.7 	1.0 	0.0 	1.0 	1.0 	1.0 	1.0 	1.0 	1.0 	1.0 	1.0 	1.0 	1.0 	8.9 	1.0 	1.0 	1.0 	1.0 	1.5 	1.0 	1.0 	1.0 	1.0 	1.0 	1.0 	1.0 	1.0 	1.0 	1.0 	1.0 	1.0 	-10.7 	4.8 	1.0 	8.3 	1.0 	1.0 	1.0 	1.0 	1.0 	1.0 	1.0 	1.0 	1.0 	-6.6 	-0.1 	1.0 	1.0 	1.0 	1.0 	1.0 	1.0 	1.0 	1.0 	7.6 	1.0 	1.0 	1.0 	1.0 	1.0 	1.0 	1.0 	1.0 	1.0 	1.0 	19.7 	0.2 	1.0 	1.0 	1.0 	1.0 	1.0 	1.0 	1.0 	18.8 
1.0 	1.0 	1.0 	1.0 	1.0 	1.0 	1.0 	1.0 	1.0 	1.0 	1.0 	1.0 	1.0 	1.0 	1.0 	1.0 	1.0 	1.0 	1.0 	1.0 	1.0 	5.4 	1.0 	1.0 	1.0 	1.0 	1.0 	1.0 	0.0 	1.0 	1.0 	1.0 	1.0 	1.0 	1.0 	1.0 	1.0 	1.0 	1.0 	1.0 	19.6 	1.0 	1.0 	1.0 	1.0 	1.0 	1.0 	1.0 	1.0 	-14.5 	1.0 	18.1 	1.0 	1.0 	1.0 	-42.2 	1.0 	15.1 	1.0 	1.0 	6.9 	1.0 	5.9 	1.0 	1.0 	1.0 	18.7 	1.0 	1.0 	2.9 	7.1 	1.0 	-43.0 	1.0 	1.0 	0.0 	1.0 	1.0 	1.0 	1.0 	1.0 	8.7 	1.0 	1.0 	1.0 	1.0 	1.0 	1.0 	1.0 	1.0 	1.0 	1.2 	1.0 	9.5 	1.0 	9.5 	1.0 	1.0 	1.0 	1.0 
1.0 	0.8 	1.0 	13.4 	1.0 	1.0 	5.5 	1.0 	-10.8 	1.0 	1.0 	1.0 	2.9 	1.0 	1.0 	5.6 	1.0 	1.0 	0.8 	1.0 	1.0 	1.0 	1.0 	18.7 	1.0 	1.0 	1.0 	1.0 	1.0 	0.0 	1.0 	1.0 	1.0 	1.0 	1.0 	1.0 	1.0 	1.0 	-20.4 	1.0 	1.0 	1.0 	1.0 	1.0 	18.2 	2.5 	1.0 	1.0 	1.0 	1.0 	7.9 	1.0 	1.0 	-16.3 	12.3 	5.3 	3.3 	1.0 	8.2 	1.0 	1.0 	1.0 	1.0 	1.0 	1.0 	-44.9 	1.0 	1.0 	-33.5 	-36.2 	1.0 	1.0 	1.0 	1.0 	1.0 	1.0 	13.4 	1.0 	1.0 	1.0 	1.0 	1.0 	1.0 	1.0 	1.0 	1.0 	15.2 	1.0 	1.0 	1.0 	1.0 	1.0 	1.0 	1.0 	1.0 	1.0 	1.0 	1.0 	16.2 	-38.0 
1.0 	1.0 	5.5 	1.0 	1.0 	1.0 	1.0 	1.0 	1.0 	1.0 	1.0 	1.0 	-33.6 	1.0 	-38.2 	1.0 	1.0 	1.0 	1.0 	1.0 	1.0 	1.0 	13.0 	1.0 	1.0 	1.4 	1.0 	4.6 	1.0 	-11.2 	0.0 	14.3 	1.0 	1.0 	14.0 	17.2 	1.0 	1.0 	1.0 	1.0 	13.5 	1.0 	-21.8 	1.0 	1.0 	1.0 	-31.1 	1.0 	16.9 	1.0 	1.0 	1.0 	1.0 	1.0 	1.0 	1.0 	1.0 	1.0 	1.0 	1.0 	10.1 	1.0 	1.0 	1.0 	1.0 	17.9 	1.0 	8.8 	1.0 	1.0 	2.2 	1.0 	1.0 	1.0 	1.0 	1.0 	1.0 	12.1 	1.0 	1.0 	1.0 	1.0 	1.0 	1.0 	1.0 	1.0 	1.0 	1.0 	1.0 	1.0 	1.0 	1.0 	1.0 	1.0 	1.0 	1.0 	1.0 	1.0 	1.0 	1.0 
1.0 	1.0 	1.0 	-9.7 	1.0 	1.0 	-13.0 	19.9 	1.0 	1.0 	1.0 	1.0 	1.0 	-30.0 	1.0 	14.8 	1.0 	1.0 	1.0 	1.0 	1.0 	13.7 	1.0 	14.9 	1.0 	9.1 	1.0 	1.0 	1.0 	15.5 	1.0 	0.0 	1.0 	1.0 	1.0 	1.0 	1.0 	1.0 	1.0 	1.0 	1.0 	6.6 	1.0 	-12.7 	1.0 	1.0 	1.0 	1.0 	1.0 	1.0 	1.0 	4.2 	1.0 	1.0 	1.0 	1.8 	5.8 	1.0 	1.0 	1.0 	1.0 	1.0 	1.0 	-22.3 	1.0 	1.0 	1.0 	1.0 	5.3 	1.0 	1.0 	1.0 	4.3 	1.0 	1.0 	1.0 	1.0 	1.0 	1.0 	1.0 	1.0 	5.0 	1.0 	1.0 	1.0 	1.0 	10.2 	13.0 	1.6 	1.0 	1.0 	-47.9 	1.0 	1.0 	1.0 	1.0 	1.0 	1.0 	7.9 	1.0 
13.0 	16.5 	1.0 	1.0 	9.0 	1.0 	1.0 	1.0 	1.0 	1.0 	1.0 	1.0 	1.0 	1.0 	1.0 	1.0 	1.0 	1.0 	1.0 	1.7 	1.0 	2.8 	1.0 	1.0 	1.0 	1.0 	1.0 	1.0 	1.0 	-42.5 	1.0 	-33.0 	0.0 	1.0 	1.0 	1.0 	1.0 	1.0 	1.0 	0.2 	1.0 	1.0 	-23.2 	1.0 	1.0 	-19.3 	1.0 	1.0 	1.0 	1.0 	15.6 	1.0 	1.0 	1.0 	3.0 	1.0 	1.0 	1.0 	11.0 	1.0 	1.0 	1.0 	12.5 	1.0 	1.0 	1.0 	1.0 	1.0 	1.0 	1.0 	1.0 	1.0 	19.3 	1.0 	1.0 	1.0 	1.0 	5.2 	19.6 	1.0 	1.0 	1.0 	-49.9 	1.0 	1.0 	1.0 	1.0 	1.0 	12.5 	11.2 	1.0 	1.0 	1.0 	1.0 	1.0 	1.0 	1.0 	1.0 	1.0 	14.0 
1.0 	-29.3 	15.3 	1.0 	1.0 	1.0 	1.0 	1.0 	1.0 	1.0 	1.0 	1.0 	1.0 	1.0 	1.0 	1.0 	1.0 	1.0 	1.0 	1.0 	1.0 	1.0 	1.0 	1.0 	1.0 	1.0 	1.0 	1.0 	1.0 	1.0 	1.0 	4.4 	-22.0 	0.0 	1.0 	1.0 	1.0 	1.0 	1.0 	1.0 	1.0 	1.0 	1.0 	1.0 	1.0 	16.0 	1.0 	1.0 	1.0 	1.0 	1.0 	1.0 	1.0 	1.0 	1.0 	1.0 	1.0 	1.0 	1.0 	8.5 	3.6 	1.0 	1.0 	1.0 	1.0 	1.0 	1.0 	6.8 	1.0 	1.0 	1.0 	1.0 	19.5 	1.0 	6.3 	1.0 	1.0 	19.7 	1.0 	1.0 	1.0 	1.0 	1.0 	1.0 	1.0 	1.0 	1.0 	1.0 	1.0 	1.0 	6.9 	1.0 	1.0 	1.0 	1.0 	1.0 	1.0 	11.4 	1.0 	1.0 
1.0 	1.0 	1.0 	1.0 	1.0 	1.0 	1.0 	14.5 	1.0 	1.0 	1.0 	1.0 	1.0 	1.0 	1.0 	1.0 	1.0 	1.0 	1.0 	1.0 	1.0 	1.0 	0.6 	-33.7 	1.0 	1.0 	1.0 	1.0 	2.0 	1.0 	1.0 	1.0 	1.0 	5.4 	0.0 	1.0 	1.0 	14.8 	1.0 	1.0 	14.1 	10.8 	7.3 	1.0 	1.0 	1.0 	1.0 	1.0 	1.0 	-23.3 	7.4 	1.0 	1.0 	1.0 	1.0 	1.0 	19.1 	1.0 	1.0 	1.0 	3.7 	1.5 	1.0 	1.0 	1.0 	1.0 	1.0 	1.0 	1.0 	1.0 	1.0 	1.0 	1.0 	13.3 	1.0 	1.0 	1.0 	1.0 	9.5 	1.0 	1.0 	-19.5 	1.0 	17.9 	1.0 	1.0 	1.0 	1.0 	1.0 	1.0 	1.0 	1.0 	-42.1 	1.0 	1.0 	1.0 	1.0 	-45.4 	1.0 	1.0 
8.8 	1.0 	1.0 	1.0 	1.0 	1.0 	16.1 	1.0 	1.0 	1.0 	1.0 	1.0 	1.0 	1.0 	10.7 	1.0 	1.0 	1.0 	1.0 	1.0 	1.0 	1.0 	1.0 	1.0 	1.0 	1.0 	13.9 	1.0 	1.0 	1.0 	1.0 	1.0 	-47.8 	7.4 	1.0 	0.0 	11.5 	1.0 	1.0 	19.7 	1.0 	1.0 	1.0 	6.3 	1.0 	1.0 	1.0 	1.0 	1.0 	1.0 	1.0 	1.0 	1.9 	1.0 	1.0 	1.0 	19.2 	1.0 	1.0 	1.0 	1.0 	1.0 	1.0 	6.1 	1.0 	8.3 	1.0 	1.0 	1.0 	1.0 	1.0 	1.0 	1.0 	1.0 	1.0 	16.7 	15.8 	1.0 	1.0 	1.0 	1.0 	1.0 	-4.9 	1.0 	1.0 	9.3 	7.2 	1.0 	7.0 	1.0 	7.9 	8.5 	1.0 	1.0 	14.9 	1.0 	1.0 	1.0 	1.0 	1.0 
1.0 	1.0 	14.2 	-13.6 	1.0 	1.0 	1.0 	1.0 	1.0 	1.0 	1.0 	1.0 	1.0 	5.4 	1.0 	1.0 	8.7 	3.7 	1.0 	1.0 	1.0 	1.0 	9.1 	1.0 	15.9 	5.8 	1.0 	1.0 	1.0 	1.0 	1.0 	4.0 	1.0 	1.0 	1.0 	1.0 	0.0 	8.6 	1.0 	1.0 	1.0 	1.0 	1.0 	1.0 	1.0 	-38.1 	1.0 	1.0 	1.0 	1.0 	1.0 	-50.0 	9.8 	1.0 	1.0 	1.0 	1.0 	1.0 	1.0 	1.0 	1.0 	1.0 	1.0 	1.0 	1.0 	1.0 	1.0 	1.0 	1.0 	1.0 	1.0 	1.0 	1.0 	1.0 	6.6 	1.0 	1.0 	1.0 	1.0 	2.0 	14.2 	1.0 	1.0 	1.0 	6.7 	1.0 	1.0 	1.0 	1.0 	1.0 	1.0 	1.0 	1.0 	19.5 	1.0 	7.8 	11.6 	1.0 	12.7 	1.0 
1.0 	1.0 	1.0 	1.0 	1.0 	-39.3 	1.0 	1.0 	1.0 	1.0 	8.2 	1.0 	1.0 	12.7 	1.0 	1.0 	1.0 	1.0 	19.4 	1.0 	1.0 	1.0 	17.1 	12.8 	1.0 	1.0 	1.0 	1.0 	1.0 	-23.6 	1.0 	1.0 	1.0 	1.0 	1.0 	1.0 	1.0 	0.0 	1.0 	13.0 	11.5 	1.0 	-13.4 	1.0 	1.0 	1.0 	1.0 	1.0 	1.0 	1.0 	1.0 	1.0 	1.0 	1.0 	1.0 	1.0 	1.0 	1.0 	1.0 	16.9 	1.0 	1.0 	1.0 	13.9 	1.0 	1.0 	1.0 	1.0 	19.2 	1.0 	1.0 	1.0 	1.0 	1.0 	1.0 	1.0 	1.0 	1.0 	1.0 	15.8 	10.2 	1.0 	1.0 	1.0 	1.0 	5.9 	1.0 	1.0 	1.0 	1.0 	1.0 	1.0 	1.0 	1.0 	1.0 	1.0 	1.0 	18.5 	1.0 	1.0 
9.5 	1.0 	1.0 	1.0 	1.0 	1.0 	1.0 	1.0 	1.0 	1.0 	1.0 	17.2 	1.0 	1.0 	1.0 	1.0 	1.0 	1.0 	1.0 	1.0 	1.0 	1.0 	1.0 	1.0 	1.0 	1.0 	1.0 	1.0 	1.0 	19.3 	1.0 	1.0 	1.0 	1.0 	1.0 	1.0 	11.4 	1.0 	0.0 	1.0 	15.2 	1.0 	7.0 	1.0 	8.1 	1.0 	1.0 	1.0 	3.6 	10.8 	-9.1 	1.0 	1.0 	1.0 	1.0 	1.0 	1.0 	13.0 	1.0 	1.0 	1.0 	1.0 	1.0 	1.0 	5.1 	1.0 	1.0 	1.0 	1.0 	3.5 	17.3 	1.0 	1.0 	1.0 	1.0 	1.0 	1.0 	1.0 	1.0 	11.2 	1.0 	1.0 	1.0 	1.0 	1.0 	1.0 	-18.4 	1.0 	-39.6 	1.0 	1.0 	8.3 	1.0 	1.0 	1.0 	4.3 	1.0 	4.3 	1.0 	3.0 
1.0 	1.0 	1.0 	1.0 	1.0 	1.8 	1.0 	1.0 	1.0 	1.0 	13.7 	1.0 	1.0 	1.0 	1.0 	1.0 	1.0 	1.0 	1.0 	1.0 	1.0 	1.0 	1.0 	1.0 	1.0 	1.0 	9.7 	1.0 	1.0 	1.0 	1.0 	8.6 	1.0 	3.6 	1.0 	1.0 	1.0 	1.0 	13.6 	0.0 	1.0 	1.0 	-44.3 	10.3 	1.0 	1.0 	1.0 	1.5 	1.0 	1.0 	1.0 	1.0 	1.0 	1.0 	1.0 	1.0 	1.0 	1.0 	14.9 	3.2 	1.0 	1.0 	1.0 	1.0 	1.0 	1.0 	1.0 	14.2 	1.0 	1.0 	17.7 	1.0 	1.0 	1.0 	1.0 	-7.1 	1.0 	1.0 	1.0 	1.9 	1.0 	1.0 	1.0 	1.0 	4.9 	16.5 	6.3 	1.0 	1.0 	1.0 	1.0 	1.0 	1.0 	1.0 	1.0 	-12.7 	16.8 	1.0 	1.0 	8.7 
9.5 	1.0 	1.0 	1.0 	1.0 	1.0 	1.0 	1.0 	1.0 	1.0 	1.0 	1.0 	7.2 	1.0 	1.0 	1.0 	0.0 	1.0 	1.0 	1.0 	1.0 	1.0 	1.0 	1.0 	2.6 	1.0 	1.0 	-13.9 	1.0 	1.0 	1.0 	1.0 	1.0 	1.0 	1.0 	1.0 	-18.7 	1.0 	1.0 	1.0 	0.0 	1.0 	1.0 	1.0 	1.0 	1.0 	1.0 	7.0 	3.0 	1.0 	1.0 	1.0 	1.0 	1.0 	0.4 	1.0 	1.0 	1.0 	1.0 	1.0 	1.0 	1.0 	1.0 	1.0 	1.0 	1.0 	-28.7 	1.0 	1.0 	1.0 	1.0 	1.0 	4.8 	1.0 	9.4 	1.0 	1.0 	2.7 	1.0 	-9.8 	1.0 	-13.6 	1.0 	1.0 	18.4 	1.0 	1.0 	1.0 	1.0 	1.0 	1.0 	1.0 	1.0 	1.0 	4.7 	1.0 	1.0 	1.0 	1.0 	8.6 
1.0 	1.0 	1.0 	1.0 	1.0 	1.0 	1.0 	1.0 	1.0 	1.0 	1.0 	1.0 	1.0 	1.0 	10.3 	1.0 	1.0 	1.0 	1.0 	1.0 	1.0 	1.0 	1.0 	-22.9 	1.0 	1.0 	1.0 	16.8 	1.0 	1.0 	1.0 	1.0 	-12.4 	19.9 	1.0 	1.0 	-27.7 	1.0 	1.0 	1.0 	1.0 	0.0 	1.0 	1.0 	1.0 	1.0 	1.0 	1.0 	1.0 	14.7 	1.0 	1.0 	1.0 	1.0 	15.7 	1.0 	1.0 	1.0 	1.0 	1.0 	1.0 	1.4 	1.0 	1.0 	1.0 	1.0 	6.6 	1.0 	16.3 	1.0 	1.0 	-28.2 	1.0 	1.0 	1.0 	1.0 	1.0 	1.0 	15.0 	1.0 	1.0 	1.0 	1.0 	1.0 	1.0 	14.2 	1.0 	1.0 	11.5 	1.0 	1.0 	-34.4 	1.3 	1.0 	15.2 	18.3 	1.0 	1.0 	1.0 	1.0 
1.0 	-34.5 	13.8 	1.0 	1.0 	1.0 	6.7 	1.0 	1.0 	1.0 	1.0 	1.0 	1.0 	1.0 	1.0 	1.6 	1.0 	1.0 	1.0 	1.0 	1.0 	1.0 	-21.0 	1.0 	1.0 	1.0 	1.0 	1.0 	1.0 	1.0 	1.0 	1.0 	1.0 	1.0 	1.0 	1.0 	19.3 	1.0 	1.0 	1.0 	1.0 	1.0 	0.0 	1.0 	1.0 	1.0 	1.0 	1.0 	1.0 	1.0 	1.0 	1.0 	16.9 	1.0 	2.9 	1.0 	1.0 	1.0 	1.0 	1.0 	1.0 	1.0 	-5.9 	8.2 	1.0 	1.0 	1.0 	1.0 	-2.4 	1.0 	14.2 	1.0 	9.5 	7.9 	1.0 	1.0 	1.0 	1.0 	1.0 	1.0 	1.0 	1.0 	13.6 	1.0 	1.0 	1.0 	1.0 	1.0 	12.1 	1.0 	1.0 	1.0 	1.0 	1.0 	1.0 	1.0 	1.0 	1.0 	1.0 	1.0 
1.0 	1.0 	1.0 	1.0 	1.0 	1.0 	18.6 	1.0 	1.0 	-6.2 	1.0 	18.8 	7.3 	1.0 	1.0 	1.0 	1.0 	1.0 	-21.1 	18.8 	1.0 	1.0 	1.0 	3.9 	1.0 	1.0 	1.0 	1.0 	1.0 	1.0 	1.0 	1.0 	-33.0 	1.0 	1.0 	16.4 	1.0 	1.0 	9.8 	1.0 	4.8 	1.0 	1.0 	0.0 	1.0 	1.0 	1.0 	1.0 	1.0 	1.0 	1.0 	1.0 	1.0 	1.0 	1.0 	1.0 	1.0 	1.0 	1.0 	1.0 	1.0 	1.0 	1.0 	1.0 	1.0 	1.0 	1.0 	1.0 	1.0 	1.0 	14.5 	1.0 	1.0 	1.0 	1.0 	1.0 	1.0 	1.0 	1.0 	-27.5 	1.0 	1.0 	1.0 	-40.9 	17.6 	1.0 	1.0 	1.0 	19.6 	1.0 	15.7 	1.0 	1.0 	1.0 	1.0 	1.0 	15.4 	1.0 	14.8 	1.0 
6.8 	1.0 	12.7 	1.0 	1.0 	9.8 	1.0 	1.0 	1.0 	1.0 	1.0 	1.0 	1.0 	1.0 	1.0 	1.0 	1.0 	18.5 	5.1 	1.0 	1.0 	1.0 	1.0 	17.3 	16.7 	1.0 	1.0 	16.9 	-31.5 	1.0 	1.0 	1.0 	1.0 	1.0 	1.0 	1.0 	1.0 	19.9 	1.0 	12.5 	1.0 	1.0 	1.1 	1.0 	0.0 	1.0 	6.6 	1.0 	1.0 	1.0 	1.0 	1.0 	1.0 	1.0 	1.0 	1.0 	1.0 	1.0 	1.0 	1.0 	1.0 	1.0 	1.0 	1.0 	-41.0 	1.0 	1.0 	1.0 	1.0 	1.0 	1.0 	1.0 	5.3 	1.0 	1.0 	12.4 	1.0 	1.0 	1.0 	1.0 	1.0 	6.3 	1.0 	1.0 	1.0 	1.0 	1.0 	1.0 	1.0 	1.0 	1.0 	1.0 	3.2 	1.0 	1.0 	1.0 	1.0 	1.0 	17.0 	1.0 
1.0 	-32.4 	1.0 	1.0 	1.0 	1.0 	1.0 	1.0 	1.0 	1.0 	1.0 	1.0 	1.0 	1.0 	1.0 	2.2 	1.0 	1.0 	1.0 	1.0 	1.0 	0.0 	1.0 	8.1 	1.0 	1.0 	1.0 	17.3 	1.0 	1.0 	1.0 	1.0 	16.8 	1.0 	1.0 	17.0 	1.0 	1.0 	14.1 	1.0 	1.0 	1.0 	1.0 	1.0 	1.0 	0.0 	1.0 	1.0 	16.5 	1.0 	-37.8 	1.0 	1.0 	1.0 	15.4 	1.0 	1.0 	1.0 	1.0 	7.0 	15.1 	1.0 	1.0 	1.0 	1.0 	1.0 	1.0 	1.0 	1.0 	11.0 	1.0 	11.0 	1.0 	10.7 	1.0 	1.0 	1.0 	1.0 	1.0 	1.0 	1.0 	1.0 	1.0 	1.0 	1.0 	1.0 	1.0 	17.3 	1.0 	1.0 	1.0 	9.5 	1.0 	1.0 	1.0 	0.5 	1.0 	1.0 	1.0 	1.0 
1.0 	1.0 	-10.2 	1.0 	1.0 	1.0 	11.3 	1.0 	1.0 	1.0 	1.0 	1.0 	1.0 	1.0 	1.0 	1.0 	1.0 	1.0 	1.0 	1.0 	1.0 	1.0 	1.0 	1.0 	1.0 	1.0 	6.8 	1.0 	1.0 	1.0 	1.0 	1.0 	14.1 	1.0 	1.0 	5.3 	1.0 	1.0 	1.0 	1.0 	1.0 	14.8 	11.7 	16.8 	1.0 	1.0 	0.0 	1.0 	1.0 	1.0 	1.0 	1.0 	1.0 	1.0 	1.0 	1.0 	1.0 	1.0 	1.0 	1.0 	1.0 	1.0 	1.0 	1.0 	1.4 	1.0 	-23.7 	16.7 	1.0 	1.0 	20.0 	12.8 	1.0 	4.3 	1.0 	7.8 	1.0 	1.0 	1.0 	1.0 	1.0 	1.0 	15.7 	1.0 	1.0 	1.0 	5.4 	1.0 	1.0 	1.0 	1.0 	1.0 	1.0 	1.0 	1.0 	1.0 	4.8 	1.0 	1.0 	1.0 
-23.2 	1.0 	1.0 	11.5 	1.0 	1.0 	1.0 	7.3 	1.0 	9.7 	1.0 	1.0 	1.6 	12.1 	1.0 	1.0 	5.7 	1.0 	1.0 	1.0 	1.0 	-49.0 	1.0 	1.0 	2.6 	1.0 	1.0 	1.0 	1.0 	1.0 	1.0 	1.0 	1.0 	7.5 	1.0 	1.0 	1.0 	1.0 	1.0 	1.0 	1.0 	1.0 	1.0 	1.0 	1.0 	13.5 	1.0 	0.0 	1.0 	1.0 	1.0 	1.0 	1.0 	1.0 	1.0 	1.0 	1.0 	1.0 	1.0 	1.0 	10.2 	1.0 	0.1 	9.8 	1.0 	1.0 	10.4 	4.2 	1.0 	1.0 	1.0 	1.0 	1.0 	1.0 	1.0 	1.0 	13.1 	1.0 	-14.0 	1.0 	1.0 	1.0 	1.0 	1.0 	-26.8 	1.1 	7.5 	1.0 	1.0 	1.0 	12.9 	1.0 	1.0 	1.0 	1.0 	18.0 	1.0 	16.4 	1.0 	1.0 
-30.6 	13.5 	1.0 	11.9 	1.0 	14.0 	1.0 	1.0 	1.0 	1.0 	1.0 	1.0 	1.0 	1.0 	-9.5 	1.0 	1.0 	-13.8 	1.5 	9.9 	1.0 	1.0 	1.0 	1.0 	1.0 	1.0 	1.0 	1.0 	1.3 	-19.7 	1.0 	1.0 	6.9 	1.0 	1.0 	1.0 	1.0 	13.3 	11.9 	1.0 	1.0 	1.0 	1.0 	1.0 	1.0 	1.0 	1.0 	4.5 	0.0 	1.0 	1.0 	1.0 	1.0 	1.0 	1.0 	1.0 	1.0 	13.8 	-0.6 	-27.6 	17.0 	1.0 	1.0 	1.0 	1.0 	1.0 	1.0 	1.0 	1.0 	1.0 	1.0 	1.0 	1.0 	19.8 	1.0 	1.0 	1.0 	1.0 	1.0 	1.0 	1.0 	1.0 	3.6 	1.0 	0.5 	1.0 	1.0 	1.0 	1.0 	1.0 	14.2 	1.0 	1.0 	6.6 	1.0 	1.0 	1.0 	1.0 	1.0 	-13.9 
1.0 	1.0 	8.6 	1.0 	1.0 	1.0 	1.0 	1.0 	1.0 	1.0 	1.0 	1.0 	11.2 	1.0 	1.0 	1.0 	7.4 	1.0 	1.0 	1.0 	1.0 	1.0 	1.0 	1.0 	1.0 	1.0 	1.0 	1.0 	1.0 	1.0 	1.0 	1.0 	1.0 	1.0 	1.0 	1.0 	1.0 	1.0 	1.0 	1.0 	1.0 	1.0 	1.0 	1.0 	1.0 	1.0 	1.0 	1.0 	1.0 	0.0 	3.6 	1.0 	1.0 	-23.3 	1.0 	1.0 	1.0 	1.0 	1.0 	1.0 	7.3 	1.0 	1.0 	1.0 	1.0 	1.0 	1.0 	1.0 	1.0 	1.0 	0.2 	1.0 	1.0 	1.0 	1.0 	1.0 	1.0 	1.0 	1.0 	1.0 	17.9 	1.0 	18.1 	1.0 	1.0 	1.0 	1.0 	1.0 	1.0 	1.0 	1.0 	15.6 	1.0 	1.0 	1.0 	1.0 	1.0 	1.0 	1.5 	1.0 
1.0 	1.0 	1.0 	1.0 	1.0 	1.0 	1.0 	1.0 	1.0 	1.0 	2.0 	-42.7 	1.0 	1.0 	1.0 	1.0 	1.0 	1.0 	1.0 	1.0 	1.0 	1.0 	1.0 	18.7 	1.0 	1.0 	1.0 	18.6 	17.9 	1.0 	1.0 	1.0 	15.6 	1.0 	13.1 	1.0 	1.0 	1.0 	0.4 	1.0 	1.0 	1.0 	1.0 	1.0 	1.0 	12.0 	1.0 	1.0 	1.0 	1.0 	0.0 	1.0 	1.0 	1.0 	4.0 	1.0 	1.0 	1.0 	9.2 	1.0 	1.0 	1.0 	1.0 	1.0 	1.0 	1.0 	1.0 	1.0 	1.0 	15.1 	13.8 	1.0 	9.4 	1.0 	1.0 	1.0 	15.7 	1.0 	1.0 	3.3 	-46.2 	1.0 	1.0 	1.0 	1.0 	0.9 	1.0 	1.0 	5.6 	1.0 	1.0 	18.1 	6.7 	1.0 	1.0 	1.0 	1.0 	1.0 	1.0 	1.0 
1.0 	1.0 	15.7 	1.0 	1.0 	1.0 	1.0 	1.0 	1.0 	1.0 	1.0 	0.5 	1.0 	1.0 	1.0 	1.0 	1.0 	1.0 	1.0 	17.9 	1.0 	15.3 	1.0 	1.0 	1.0 	15.1 	1.0 	1.0 	1.0 	1.0 	1.0 	1.0 	1.0 	-48.7 	1.0 	5.2 	1.0 	1.0 	1.0 	1.0 	12.5 	1.0 	1.0 	1.0 	1.0 	1.0 	1.0 	1.0 	1.0 	1.0 	1.0 	0.0 	1.0 	1.0 	19.8 	1.0 	14.1 	1.0 	1.0 	9.7 	1.0 	1.0 	1.0 	1.0 	1.0 	1.0 	1.0 	1.0 	1.0 	1.0 	1.0 	1.0 	1.0 	1.0 	1.2 	1.0 	1.0 	1.0 	1.0 	1.0 	1.0 	1.0 	1.0 	1.0 	1.0 	1.0 	1.0 	1.0 	11.3 	1.0 	1.0 	1.0 	1.0 	1.0 	1.0 	1.0 	1.0 	1.0 	1.0 	1.0 
1.0 	15.9 	1.0 	13.2 	1.0 	1.0 	1.0 	1.0 	16.0 	-3.1 	1.0 	1.0 	1.0 	1.0 	1.0 	1.0 	1.0 	1.0 	2.7 	1.0 	1.0 	1.0 	1.0 	1.0 	6.3 	1.0 	8.9 	1.0 	1.0 	1.0 	1.0 	1.0 	7.1 	1.0 	1.0 	1.0 	1.0 	1.0 	1.0 	1.0 	1.0 	1.0 	1.0 	1.0 	-14.7 	1.0 	8.5 	1.3 	1.0 	1.0 	8.5 	1.0 	0.0 	1.0 	1.0 	1.0 	1.0 	1.0 	1.0 	1.0 	1.0 	1.0 	1.6 	1.0 	1.0 	1.0 	1.0 	1.0 	1.0 	1.0 	1.0 	1.0 	10.1 	1.0 	10.5 	-17.8 	1.0 	1.0 	1.0 	1.0 	1.0 	1.0 	1.0 	-48.7 	1.0 	14.5 	1.0 	1.0 	1.0 	1.0 	1.0 	1.0 	1.0 	1.0 	-19.0 	1.0 	1.0 	1.0 	1.0 	4.1 
1.0 	1.0 	1.0 	1.0 	1.0 	1.0 	11.3 	17.7 	2.5 	1.0 	1.0 	1.0 	1.0 	1.0 	1.0 	5.6 	1.0 	0.3 	1.0 	1.0 	1.0 	1.0 	1.0 	13.7 	1.0 	1.0 	1.0 	1.0 	1.0 	1.0 	1.0 	1.0 	1.0 	1.0 	1.0 	1.0 	4.5 	1.0 	14.3 	1.0 	1.0 	18.5 	1.0 	1.0 	0.5 	1.0 	1.0 	1.0 	1.0 	1.0 	1.0 	1.0 	0.4 	0.0 	1.0 	1.0 	1.0 	10.0 	1.0 	1.0 	1.0 	1.0 	1.0 	1.0 	1.0 	0.8 	1.0 	1.0 	1.0 	1.0 	1.0 	-30.0 	1.0 	1.0 	18.2 	18.4 	1.0 	1.0 	1.0 	1.0 	1.0 	1.0 	1.0 	14.3 	1.0 	1.0 	1.0 	1.0 	1.0 	1.0 	1.0 	1.0 	1.0 	1.0 	1.0 	1.0 	1.0 	15.5 	1.0 	1.0 
1.0 	1.0 	1.0 	1.0 	1.0 	1.0 	1.0 	1.0 	1.0 	1.0 	15.8 	1.0 	2.9 	1.0 	1.0 	-37.4 	1.0 	-9.8 	15.5 	1.0 	1.0 	1.0 	1.0 	1.0 	1.0 	1.0 	1.0 	8.1 	1.0 	1.0 	1.0 	8.5 	1.0 	1.0 	1.0 	1.0 	15.5 	1.0 	1.0 	18.9 	1.0 	1.0 	1.0 	1.0 	1.0 	1.0 	-3.1 	13.6 	1.0 	1.0 	1.0 	9.7 	1.0 	1.0 	0.0 	17.8 	1.0 	1.0 	1.0 	1.0 	1.0 	1.0 	1.0 	2.3 	1.0 	1.0 	1.0 	1.0 	3.7 	19.8 	1.0 	-6.9 	8.9 	1.0 	1.0 	1.0 	1.0 	-11.7 	1.0 	1.0 	1.0 	1.0 	1.0 	1.0 	1.0 	7.3 	1.0 	1.0 	1.0 	1.0 	-24.3 	1.0 	11.4 	1.0 	1.0 	1.0 	1.0 	19.5 	1.0 	1.0 
1.0 	-49.6 	-32.4 	13.5 	1.0 	18.1 	1.0 	1.0 	1.0 	1.0 	1.0 	1.0 	1.0 	1.0 	1.0 	1.0 	1.0 	1.0 	1.0 	-16.0 	18.1 	7.2 	1.0 	1.0 	1.0 	1.0 	1.0 	12.0 	1.0 	1.0 	1.0 	1.0 	2.2 	1.0 	1.0 	1.7 	1.0 	1.0 	1.0 	1.0 	1.0 	1.0 	1.0 	1.0 	1.0 	1.0 	1.0 	1.0 	1.0 	1.0 	1.0 	1.0 	1.0 	1.0 	1.0 	0.0 	1.0 	1.0 	1.0 	1.0 	1.0 	1.0 	1.0 	1.0 	1.0 	1.0 	1.0 	4.0 	19.4 	1.0 	1.0 	-10.7 	1.0 	1.3 	1.0 	7.3 	9.5 	1.0 	1.0 	12.7 	5.9 	6.7 	1.0 	1.0 	4.0 	1.0 	1.0 	1.0 	1.0 	1.0 	1.0 	1.0 	1.0 	1.0 	1.0 	1.0 	1.0 	1.0 	1.0 	1.0 
1.0 	1.0 	1.0 	1.0 	1.0 	1.0 	1.0 	1.0 	1.0 	1.0 	1.0 	1.0 	12.3 	1.0 	1.0 	1.0 	0.9 	1.0 	1.0 	1.0 	4.5 	1.0 	1.0 	1.0 	10.5 	1.0 	1.0 	-23.5 	0.8 	1.0 	1.0 	12.3 	1.0 	1.0 	1.0 	1.0 	1.0 	1.0 	10.5 	1.0 	1.0 	1.0 	1.0 	12.5 	1.0 	1.0 	1.0 	1.0 	1.0 	1.0 	1.0 	1.0 	1.0 	1.0 	1.0 	9.8 	0.0 	1.0 	1.0 	15.1 	-7.0 	1.0 	1.0 	-11.5 	15.1 	1.0 	1.0 	1.0 	1.0 	6.3 	1.0 	16.2 	1.0 	1.0 	1.0 	1.0 	1.0 	1.0 	1.0 	1.0 	1.0 	1.0 	1.0 	1.0 	0.0 	1.0 	11.3 	1.0 	18.7 	1.0 	3.5 	1.0 	1.0 	1.0 	1.0 	1.0 	1.0 	3.4 	1.0 	1.0 
1.0 	1.0 	1.0 	1.0 	1.0 	8.9 	1.0 	1.0 	6.8 	1.0 	1.0 	1.0 	1.0 	1.0 	1.0 	1.0 	1.0 	1.0 	-22.0 	1.0 	13.0 	1.0 	1.0 	1.0 	1.0 	1.0 	1.0 	1.0 	1.0 	1.0 	1.0 	1.0 	1.0 	1.4 	8.6 	13.8 	1.0 	1.0 	1.0 	1.0 	1.0 	1.0 	1.0 	1.0 	1.0 	3.5 	1.0 	1.0 	1.0 	1.0 	1.0 	1.0 	-50.0 	1.0 	18.3 	1.0 	6.8 	0.0 	1.0 	8.8 	1.0 	1.0 	1.0 	1.0 	15.2 	1.0 	17.8 	1.0 	1.0 	1.0 	9.8 	1.0 	1.0 	1.0 	2.1 	1.0 	1.0 	1.0 	1.0 	1.0 	1.0 	1.0 	1.0 	1.0 	1.0 	1.0 	1.0 	1.0 	15.2 	1.0 	1.0 	1.0 	1.0 	1.0 	1.0 	1.0 	1.0 	15.1 	-5.7 	1.0 
8.8 	11.3 	1.0 	16.9 	1.0 	1.0 	-28.5 	1.0 	1.0 	1.0 	-37.6 	1.0 	1.0 	10.8 	1.4 	1.0 	1.0 	5.5 	1.0 	1.0 	1.0 	1.0 	1.0 	10.8 	12.1 	1.0 	1.0 	1.0 	1.0 	1.0 	1.0 	1.0 	1.0 	1.0 	1.0 	1.0 	19.2 	1.0 	1.0 	-22.3 	1.0 	1.0 	1.0 	1.0 	1.0 	1.0 	1.0 	1.0 	1.0 	1.0 	1.0 	1.0 	1.0 	1.0 	1.0 	1.0 	1.0 	1.0 	0.0 	1.0 	1.0 	1.0 	1.0 	1.0 	1.0 	1.0 	1.0 	1.0 	1.0 	1.0 	1.0 	1.0 	1.0 	1.0 	1.0 	6.6 	1.0 	-38.2 	1.0 	1.0 	1.0 	8.7 	1.0 	1.0 	1.0 	1.0 	1.0 	17.4 	7.6 	1.0 	1.0 	1.0 	2.2 	1.0 	3.0 	1.0 	1.0 	1.0 	1.0 	1.0 
1.0 	13.2 	1.0 	1.0 	1.0 	1.0 	7.3 	1.0 	1.0 	16.0 	1.0 	1.0 	19.1 	1.0 	1.0 	1.0 	1.0 	1.0 	11.0 	0.1 	1.0 	11.9 	1.0 	1.0 	19.3 	1.0 	1.0 	1.0 	20.0 	1.0 	3.7 	1.0 	17.4 	1.0 	1.0 	1.0 	-11.4 	1.0 	1.0 	1.0 	1.0 	1.0 	1.0 	1.0 	1.0 	1.0 	1.0 	1.0 	1.0 	0.5 	1.0 	1.0 	1.0 	1.0 	1.0 	1.0 	1.0 	1.0 	1.0 	0.0 	1.0 	1.0 	1.0 	1.0 	1.0 	12.2 	1.0 	1.0 	1.0 	1.0 	1.0 	1.0 	1.0 	1.0 	1.0 	1.0 	8.5 	1.0 	1.0 	1.0 	1.0 	11.4 	1.0 	1.0 	11.9 	1.0 	1.0 	1.0 	1.0 	14.2 	-4.5 	1.0 	12.7 	1.0 	1.0 	1.0 	1.0 	1.0 	1.0 	-49.8 
1.0 	3.8 	1.0 	1.0 	1.0 	1.0 	10.5 	1.0 	1.0 	11.4 	1.0 	-32.7 	16.6 	1.0 	1.0 	1.0 	-22.1 	1.0 	1.0 	1.0 	1.0 	15.4 	1.0 	1.0 	1.0 	1.0 	-10.8 	1.0 	1.0 	1.0 	13.2 	1.0 	1.0 	1.0 	-3.6 	1.0 	1.0 	1.0 	-0.5 	1.0 	1.0 	1.0 	1.0 	1.0 	0.8 	1.0 	-28.2 	1.0 	1.0 	1.0 	1.0 	1.0 	1.0 	1.0 	1.0 	1.0 	1.0 	-22.9 	17.1 	1.0 	0.0 	1.0 	1.0 	1.0 	1.0 	8.2 	1.0 	-35.5 	1.0 	1.0 	1.0 	1.0 	-8.8 	8.1 	1.0 	-27.6 	1.0 	1.0 	1.0 	1.0 	1.0 	1.0 	1.0 	13.3 	1.0 	1.0 	1.0 	1.0 	1.0 	1.0 	1.0 	14.0 	17.2 	1.0 	1.0 	1.0 	1.0 	1.0 	1.0 	1.8 
1.0 	18.7 	1.0 	13.8 	1.0 	1.0 	1.0 	1.0 	1.0 	1.0 	1.0 	8.7 	1.0 	1.0 	3.8 	6.9 	1.0 	1.0 	19.5 	1.0 	1.0 	1.0 	1.0 	1.0 	1.0 	0.6 	1.0 	1.0 	1.0 	9.5 	1.0 	7.8 	1.0 	-30.1 	3.8 	1.3 	1.0 	1.0 	1.0 	1.0 	1.0 	1.0 	1.0 	1.0 	1.0 	1.0 	1.0 	2.1 	1.0 	1.0 	1.0 	8.4 	1.0 	13.0 	1.0 	1.0 	1.0 	16.4 	1.0 	-8.9 	-1.3 	0.0 	1.0 	1.0 	0.9 	10.8 	15.9 	1.0 	10.7 	5.5 	-40.6 	1.0 	3.1 	1.0 	1.0 	-38.0 	16.3 	1.0 	1.0 	1.0 	1.0 	2.7 	1.0 	1.0 	1.0 	1.0 	1.0 	1.0 	1.0 	1.0 	1.0 	1.0 	1.0 	1.0 	5.9 	1.0 	1.0 	1.0 	1.0 	1.0 
1.0 	1.0 	1.0 	1.0 	1.0 	1.0 	1.5 	-23.7 	1.0 	1.0 	1.0 	1.0 	1.0 	1.0 	1.0 	1.0 	1.0 	1.0 	1.0 	1.5 	1.0 	1.0 	1.0 	1.0 	1.0 	10.7 	1.0 	1.0 	1.0 	1.0 	1.0 	1.0 	1.0 	1.0 	1.0 	14.4 	1.0 	1.0 	1.0 	1.0 	1.0 	1.0 	17.4 	1.0 	1.0 	1.0 	1.0 	1.0 	1.0 	5.8 	1.0 	1.0 	2.1 	1.0 	3.4 	1.0 	1.0 	1.0 	1.0 	1.0 	1.0 	1.0 	0.0 	-40.1 	1.0 	-3.3 	1.0 	1.0 	3.9 	1.0 	1.0 	5.7 	1.0 	1.0 	1.0 	1.0 	1.0 	1.0 	1.0 	14.5 	1.0 	1.0 	1.0 	1.0 	1.0 	1.0 	0.0 	1.0 	1.0 	1.0 	18.3 	1.0 	1.0 	1.0 	1.0 	1.0 	1.0 	0.7 	1.0 	12.9 
9.5 	2.3 	1.0 	1.0 	1.0 	-24.0 	1.0 	16.5 	1.0 	1.0 	1.0 	1.0 	1.0 	1.0 	1.0 	2.6 	1.0 	1.0 	1.0 	1.0 	1.0 	1.0 	1.0 	1.0 	1.0 	1.0 	1.0 	1.0 	1.0 	1.0 	1.0 	1.0 	1.0 	1.0 	1.0 	1.0 	-28.8 	1.0 	1.0 	1.0 	1.0 	1.0 	1.0 	1.0 	1.8 	1.0 	1.0 	1.0 	1.0 	1.0 	1.0 	1.0 	1.0 	1.0 	1.0 	1.0 	16.5 	1.0 	1.0 	1.0 	1.0 	1.0 	1.0 	0.0 	11.1 	1.0 	1.0 	1.0 	2.3 	1.0 	1.0 	1.0 	1.0 	9.6 	1.0 	1.0 	1.0 	1.0 	1.0 	1.0 	1.0 	1.0 	16.7 	1.0 	1.0 	1.0 	17.7 	1.0 	14.1 	1.0 	3.4 	1.0 	1.0 	1.0 	1.0 	1.0 	15.6 	1.0 	1.0 	19.1 
1.0 	1.0 	1.0 	1.0 	1.0 	1.0 	1.0 	1.0 	1.0 	1.0 	1.0 	1.0 	1.0 	1.0 	1.0 	1.0 	1.0 	18.6 	1.0 	1.0 	1.0 	1.0 	1.0 	1.0 	12.8 	1.0 	19.6 	1.0 	1.0 	1.0 	1.0 	1.0 	1.0 	1.0 	1.0 	0.6 	0.7 	1.0 	1.0 	0.0 	7.9 	1.0 	8.8 	1.0 	1.0 	1.0 	1.5 	12.9 	1.0 	-17.6 	1.0 	1.0 	1.0 	1.0 	17.3 	1.0 	1.0 	1.0 	3.7 	6.1 	1.0 	1.0 	1.0 	1.0 	0.0 	1.0 	1.0 	1.0 	1.0 	1.0 	1.0 	1.0 	1.0 	1.0 	1.0 	1.0 	1.0 	1.0 	10.5 	1.0 	1.0 	1.0 	1.0 	1.0 	1.0 	1.0 	1.0 	1.0 	1.0 	1.0 	1.0 	9.2 	1.0 	16.1 	-44.7 	1.0 	1.0 	13.8 	1.0 	15.7 
1.0 	1.0 	1.0 	1.0 	1.0 	1.0 	3.3 	10.3 	1.0 	1.0 	1.0 	1.0 	1.0 	1.0 	1.0 	-37.7 	1.0 	1.0 	7.7 	1.0 	9.6 	1.0 	1.0 	1.0 	1.0 	1.0 	1.0 	1.0 	13.0 	13.9 	1.0 	1.0 	1.1 	1.0 	1.0 	1.0 	0.1 	1.0 	1.0 	1.0 	1.0 	8.7 	1.0 	16.6 	1.0 	1.0 	1.0 	1.0 	1.0 	1.0 	-40.5 	1.0 	1.0 	1.0 	1.0 	1.0 	8.8 	12.6 	18.7 	1.0 	1.0 	1.0 	1.0 	1.0 	3.1 	0.0 	1.0 	1.0 	19.3 	9.5 	1.0 	1.0 	1.0 	1.0 	1.0 	1.0 	-29.3 	1.0 	1.0 	1.0 	1.0 	1.0 	1.0 	-23.2 	1.0 	1.0 	7.8 	1.0 	11.6 	-44.5 	1.0 	1.0 	1.0 	16.7 	-36.6 	1.0 	1.0 	1.0 	1.0 	-38.9 
1.0 	1.0 	1.0 	1.0 	1.0 	1.0 	0.6 	1.0 	1.0 	1.0 	1.0 	1.0 	1.0 	1.0 	1.0 	17.3 	1.0 	1.0 	-5.7 	1.0 	1.0 	1.0 	1.0 	1.0 	1.0 	1.0 	8.5 	1.0 	15.7 	16.8 	1.0 	-7.3 	1.0 	1.0 	1.2 	1.0 	1.0 	17.1 	13.5 	1.0 	8.9 	1.0 	1.0 	1.0 	1.0 	1.0 	1.0 	1.0 	1.0 	1.0 	1.0 	1.0 	1.0 	1.0 	1.0 	1.0 	1.0 	3.5 	1.0 	1.0 	7.5 	1.0 	3.3 	1.0 	1.0 	1.0 	0.0 	8.5 	1.0 	1.0 	19.3 	1.0 	1.0 	1.0 	19.9 	1.0 	1.0 	1.0 	1.0 	1.0 	1.0 	1.0 	1.0 	-17.6 	1.0 	1.0 	1.0 	1.0 	1.0 	8.5 	1.0 	1.0 	1.0 	1.0 	1.0 	1.0 	2.6 	1.0 	1.0 	8.7 
1.0 	16.1 	1.0 	1.0 	1.0 	1.0 	3.5 	1.0 	1.0 	1.0 	1.0 	1.0 	1.0 	1.0 	1.0 	1.0 	1.0 	1.0 	1.0 	1.0 	1.0 	1.0 	1.0 	1.0 	1.0 	2.1 	1.0 	1.0 	1.0 	11.5 	1.0 	1.0 	5.6 	-12.8 	1.0 	8.5 	1.0 	1.0 	1.0 	1.0 	1.0 	18.0 	1.0 	1.0 	1.0 	1.0 	1.0 	8.3 	1.0 	18.9 	1.0 	1.0 	1.0 	1.0 	1.0 	1.0 	-4.3 	1.0 	1.0 	1.5 	1.0 	1.0 	1.0 	1.0 	1.0 	1.0 	1.0 	0.0 	1.0 	1.0 	1.0 	1.0 	19.2 	19.4 	-22.1 	1.0 	1.0 	1.0 	1.0 	1.0 	1.0 	1.0 	1.3 	17.6 	1.0 	1.0 	-38.3 	1.0 	1.0 	1.0 	19.6 	1.0 	1.0 	1.0 	1.0 	1.0 	1.0 	2.6 	1.0 	1.0 
1.0 	1.4 	1.4 	1.0 	1.0 	-48.3 	-19.1 	1.0 	7.8 	4.9 	5.0 	1.0 	1.0 	1.0 	1.0 	1.0 	-0.1 	1.0 	1.0 	1.0 	1.0 	1.0 	1.0 	1.0 	1.0 	1.0 	1.0 	1.0 	1.0 	1.0 	1.0 	1.0 	1.0 	1.0 	1.0 	1.0 	1.0 	1.0 	8.4 	1.0 	1.0 	1.0 	1.0 	1.0 	1.0 	1.0 	7.2 	1.0 	1.0 	1.0 	1.0 	1.0 	1.0 	1.0 	1.0 	1.0 	1.0 	1.0 	1.0 	1.0 	1.0 	5.0 	1.0 	1.0 	3.6 	1.0 	1.0 	-21.1 	0.0 	1.0 	1.0 	1.0 	1.0 	1.0 	1.0 	1.0 	1.0 	8.9 	1.0 	1.0 	1.0 	1.0 	1.0 	1.0 	1.0 	1.0 	1.0 	1.0 	1.0 	1.0 	-19.2 	1.0 	1.0 	1.0 	19.8 	1.0 	1.0 	1.0 	1.0 	1.0 
1.0 	1.0 	1.0 	1.0 	1.0 	1.0 	1.0 	1.0 	-26.5 	1.0 	1.0 	1.0 	1.0 	1.0 	1.0 	1.0 	1.0 	12.2 	1.0 	1.0 	1.0 	1.0 	1.0 	1.0 	1.0 	-5.3 	-33.0 	1.0 	11.7 	1.0 	-32.1 	1.0 	15.4 	1.0 	1.0 	1.0 	1.0 	1.0 	1.0 	1.0 	1.0 	1.0 	1.0 	1.0 	1.0 	1.0 	1.0 	1.0 	1.0 	1.0 	1.0 	1.0 	1.0 	1.0 	1.0 	19.5 	1.0 	1.0 	16.0 	1.0 	1.0 	1.0 	1.0 	1.0 	1.0 	1.0 	1.0 	1.0 	2.5 	0.0 	1.0 	0.8 	1.0 	1.0 	1.0 	1.0 	1.0 	1.0 	1.0 	8.6 	1.0 	1.0 	1.0 	1.0 	11.8 	11.6 	1.0 	1.0 	1.0 	1.0 	1.0 	18.4 	15.0 	1.0 	1.0 	1.0 	1.0 	1.0 	1.0 	1.0 
1.0 	1.0 	1.0 	1.0 	1.0 	1.0 	1.0 	5.6 	3.7 	15.1 	1.0 	1.0 	1.0 	1.0 	17.2 	1.0 	1.0 	1.0 	1.0 	-46.4 	1.0 	1.0 	1.0 	1.0 	1.0 	1.0 	4.5 	1.0 	1.0 	1.0 	12.0 	1.0 	1.0 	1.0 	1.0 	1.0 	1.0 	1.0 	1.0 	1.0 	1.0 	1.0 	1.0 	1.0 	1.0 	1.0 	1.0 	1.0 	-36.0 	1.0 	12.6 	1.0 	1.0 	1.0 	1.0 	10.2 	1.0 	19.5 	1.0 	1.0 	1.0 	1.0 	1.0 	1.0 	1.0 	1.0 	1.0 	1.0 	3.1 	1.0 	0.0 	1.0 	1.0 	1.0 	1.0 	1.0 	1.0 	1.0 	1.0 	7.9 	1.3 	1.0 	1.0 	1.0 	17.5 	1.0 	1.0 	1.0 	1.0 	1.0 	1.0 	1.0 	1.0 	16.9 	3.7 	1.0 	1.0 	1.0 	1.0 	7.0 
1.0 	1.0 	1.0 	1.0 	1.0 	7.1 	1.0 	16.3 	1.0 	2.0 	1.0 	1.5 	1.0 	1.0 	1.0 	1.0 	1.0 	1.0 	1.0 	1.0 	1.0 	1.0 	1.0 	2.2 	1.0 	1.0 	1.0 	1.0 	1.0 	7.8 	18.0 	1.0 	1.0 	-5.9 	-50.0 	1.0 	1.0 	1.0 	1.0 	1.0 	1.0 	1.0 	1.0 	1.0 	1.0 	1.0 	1.0 	1.0 	1.0 	7.8 	1.0 	1.0 	1.0 	1.0 	1.0 	11.2 	1.6 	1.0 	2.3 	17.7 	1.0 	1.0 	1.0 	19.9 	1.0 	1.0 	1.0 	1.0 	-20.2 	1.0 	1.0 	0.0 	1.0 	1.0 	1.0 	19.8 	1.0 	1.0 	1.0 	7.0 	17.8 	1.0 	1.0 	1.0 	1.0 	1.0 	17.6 	1.0 	1.0 	1.0 	1.0 	1.0 	1.0 	8.6 	19.2 	1.0 	1.0 	1.0 	4.2 	1.0 
1.0 	1.0 	1.0 	1.0 	1.0 	11.0 	1.0 	1.0 	0.5 	1.0 	1.0 	1.0 	1.0 	1.0 	1.0 	1.0 	1.0 	-34.0 	16.2 	1.0 	-1.9 	1.0 	1.0 	1.0 	1.0 	1.0 	1.0 	1.0 	1.0 	2.2 	1.0 	17.6 	1.0 	1.0 	1.0 	1.0 	1.0 	1.0 	1.0 	1.0 	1.0 	1.0 	1.0 	11.8 	1.0 	16.6 	1.0 	1.0 	1.0 	1.0 	-47.0 	1.0 	1.0 	1.0 	1.0 	1.0 	1.0 	1.0 	1.0 	1.0 	1.0 	1.0 	1.0 	1.0 	1.0 	1.0 	-40.5 	1.0 	1.0 	1.0 	3.3 	1.0 	0.0 	10.2 	1.0 	1.0 	1.0 	1.0 	1.0 	1.0 	1.0 	1.0 	1.0 	1.0 	1.0 	1.5 	1.0 	1.0 	1.0 	1.0 	1.0 	1.0 	7.3 	9.9 	1.0 	1.0 	1.0 	1.0 	1.0 	1.0 
16.5 	1.0 	1.0 	1.0 	1.0 	1.0 	1.0 	1.0 	1.0 	1.0 	1.0 	1.0 	2.1 	1.0 	1.0 	1.0 	1.0 	1.0 	1.0 	1.0 	1.0 	1.0 	9.6 	1.0 	1.0 	1.0 	1.0 	1.0 	10.1 	1.0 	1.0 	1.0 	1.0 	15.1 	1.0 	1.0 	16.9 	1.0 	1.0 	1.0 	3.9 	1.0 	1.0 	1.0 	7.2 	13.9 	1.0 	1.0 	1.0 	1.0 	1.0 	1.0 	7.0 	1.0 	1.0 	1.0 	1.0 	1.0 	1.0 	1.0 	1.0 	1.0 	1.0 	1.0 	19.4 	1.0 	1.0 	1.0 	1.0 	1.0 	1.0 	1.0 	1.0 	0.0 	1.0 	1.0 	1.0 	-22.1 	1.0 	1.0 	11.8 	1.0 	1.0 	1.0 	1.0 	1.0 	-25.4 	1.0 	-35.6 	1.0 	-7.1 	1.0 	1.0 	3.1 	1.0 	3.0 	1.0 	1.0 	1.0 	1.0 
1.0 	1.0 	1.0 	1.0 	1.0 	1.0 	15.6 	1.0 	1.0 	1.0 	1.0 	1.0 	1.0 	1.0 	1.0 	3.3 	1.0 	1.0 	1.0 	4.9 	1.0 	1.0 	1.0 	1.0 	1.0 	1.0 	1.0 	1.0 	1.0 	1.0 	1.0 	1.0 	1.0 	1.0 	1.0 	1.0 	12.4 	12.8 	1.0 	1.0 	1.0 	1.0 	1.0 	1.0 	1.0 	1.0 	1.0 	1.0 	1.0 	1.0 	1.0 	1.0 	1.0 	1.0 	1.0 	1.0 	1.0 	1.0 	1.0 	1.0 	1.0 	1.0 	1.0 	3.4 	1.0 	1.0 	1.0 	1.0 	1.0 	6.8 	1.0 	1.0 	1.0 	1.0 	0.0 	1.0 	1.0 	1.0 	1.0 	1.0 	1.0 	1.0 	1.0 	1.0 	1.0 	1.0 	1.0 	1.0 	1.0 	1.0 	12.5 	1.0 	18.0 	1.0 	1.0 	-1.5 	1.0 	1.0 	1.0 	1.0 
1.0 	5.8 	16.2 	1.0 	1.0 	1.0 	8.7 	9.2 	1.0 	1.0 	1.0 	1.0 	1.0 	1.0 	1.0 	1.0 	1.0 	1.0 	1.0 	1.0 	1.0 	1.0 	1.0 	1.0 	1.0 	1.0 	1.0 	1.0 	1.0 	1.0 	1.0 	1.0 	1.0 	1.0 	1.0 	17.4 	1.0 	-29.3 	1.0 	1.0 	1.0 	1.0 	9.6 	1.0 	1.0 	1.0 	19.2 	1.0 	10.4 	-6.4 	1.0 	1.0 	1.0 	19.4 	1.0 	0.0 	1.0 	1.0 	1.0 	1.0 	-42.9 	1.0 	1.0 	1.0 	1.0 	1.0 	1.0 	0.4 	1.0 	1.0 	1.0 	1.0 	7.9 	1.0 	1.0 	0.0 	1.0 	1.0 	1.0 	1.0 	1.0 	1.0 	1.0 	1.0 	1.0 	1.0 	1.0 	1.0 	1.0 	19.6 	1.0 	11.6 	1.0 	1.0 	1.0 	1.0 	1.0 	1.0 	1.0 	1.0 
1.0 	1.0 	1.0 	1.0 	1.0 	3.8 	1.0 	1.0 	1.0 	1.0 	1.0 	1.0 	1.0 	12.8 	1.0 	1.0 	1.7 	1.0 	1.0 	1.0 	8.7 	1.0 	1.0 	1.0 	1.0 	1.0 	1.0 	1.0 	1.0 	-34.1 	1.0 	1.0 	1.0 	1.0 	1.0 	1.4 	1.0 	17.0 	1.0 	1.0 	1.0 	1.0 	1.0 	1.0 	1.0 	3.2 	1.0 	1.0 	1.0 	1.0 	1.0 	1.0 	8.5 	1.0 	1.0 	6.4 	1.0 	1.0 	1.0 	14.0 	2.5 	1.0 	1.0 	1.0 	1.0 	1.0 	1.0 	1.0 	1.0 	1.0 	17.4 	12.0 	1.0 	1.0 	1.0 	1.0 	0.0 	1.0 	0.8 	1.0 	12.9 	7.0 	1.0 	1.0 	-3.6 	2.5 	6.1 	1.0 	1.0 	1.0 	1.0 	-3.6 	1.0 	-1.4 	1.0 	1.0 	1.0 	1.0 	1.0 	1.0 
1.0 	1.0 	1.0 	1.0 	1.0 	1.0 	1.0 	1.0 	1.0 	1.0 	1.0 	1.0 	1.0 	4.5 	1.0 	1.0 	1.0 	1.0 	1.0 	1.0 	1.0 	14.0 	1.0 	1.0 	1.0 	1.0 	17.1 	1.0 	1.0 	1.0 	1.0 	1.0 	1.0 	1.0 	-43.8 	1.0 	1.0 	4.7 	1.0 	1.0 	1.0 	1.0 	-14.9 	1.0 	1.0 	1.0 	1.0 	1.0 	1.0 	1.0 	1.0 	1.0 	-19.1 	1.0 	1.0 	1.0 	1.0 	1.0 	1.0 	1.0 	1.0 	1.0 	-42.8 	1.0 	1.0 	1.0 	9.5 	1.0 	11.5 	1.0 	2.9 	1.0 	1.0 	1.0 	1.0 	1.0 	1.0 	0.0 	13.1 	1.0 	1.0 	10.9 	1.0 	1.0 	1.0 	1.0 	1.0 	1.0 	1.0 	1.6 	1.0 	1.0 	1.0 	12.0 	1.0 	1.0 	1.0 	1.0 	1.0 	1.0 
1.0 	-47.5 	1.0 	1.0 	1.0 	1.0 	1.0 	17.3 	1.0 	1.0 	1.0 	1.0 	1.0 	1.7 	1.0 	14.9 	1.0 	1.0 	1.0 	1.0 	1.0 	1.0 	1.0 	1.0 	1.0 	0.7 	1.0 	1.0 	1.0 	1.0 	1.0 	1.0 	1.0 	2.4 	1.0 	1.0 	1.0 	7.9 	1.0 	3.9 	-6.5 	1.0 	1.0 	1.0 	1.0 	1.0 	1.0 	1.0 	1.0 	1.0 	12.7 	1.0 	1.0 	1.0 	1.0 	1.0 	5.7 	1.0 	1.0 	1.0 	1.0 	1.0 	1.0 	1.0 	1.0 	-16.4 	1.0 	1.0 	1.0 	16.7 	1.0 	1.0 	1.0 	1.0 	1.0 	1.0 	1.0 	1.0 	0.0 	1.0 	1.0 	1.0 	1.0 	1.0 	1.0 	1.0 	1.0 	1.0 	1.0 	1.0 	1.0 	1.0 	1.0 	1.0 	1.0 	3.2 	-17.7 	1.0 	1.0 	9.0 
1.0 	1.0 	1.0 	1.0 	7.2 	1.0 	1.0 	0.4 	1.0 	13.4 	1.0 	1.0 	1.0 	0.5 	1.0 	1.0 	1.0 	1.0 	14.4 	1.0 	-33.1 	11.6 	1.0 	1.0 	7.3 	1.0 	1.0 	1.0 	1.0 	1.0 	1.0 	1.0 	1.0 	1.0 	1.0 	4.9 	2.9 	1.0 	1.0 	1.0 	1.0 	1.0 	1.0 	1.0 	1.0 	1.0 	5.8 	1.0 	14.0 	16.1 	1.0 	16.7 	1.0 	1.0 	10.0 	1.0 	1.0 	1.0 	1.0 	1.0 	1.0 	2.0 	1.0 	1.0 	1.0 	1.0 	1.0 	1.0 	1.0 	1.0 	1.0 	-28.5 	1.0 	18.5 	15.8 	1.0 	1.0 	1.0 	18.2 	0.0 	1.0 	1.0 	1.0 	-20.5 	1.0 	1.0 	1.0 	1.0 	1.0 	1.0 	-32.3 	1.0 	3.0 	1.0 	1.0 	1.0 	1.0 	1.0 	1.0 	1.0 
14.4 	1.0 	1.0 	1.0 	1.0 	6.2 	1.0 	1.0 	1.0 	1.0 	13.9 	1.0 	1.0 	1.0 	1.0 	1.0 	1.0 	1.0 	1.0 	1.0 	5.1 	9.5 	1.0 	18.3 	1.0 	1.0 	1.0 	1.0 	1.0 	1.0 	17.3 	0.6 	1.0 	1.0 	1.0 	1.0 	1.0 	6.5 	17.3 	14.7 	1.0 	1.0 	1.0 	19.1 	1.0 	1.0 	1.0 	1.0 	1.0 	1.0 	11.5 	12.1 	1.0 	1.0 	8.4 	1.0 	1.0 	1.0 	1.0 	7.9 	18.2 	0.9 	1.0 	1.0 	9.3 	10.2 	1.0 	1.0 	1.0 	1.0 	1.0 	1.0 	1.0 	1.0 	1.0 	1.0 	1.0 	1.0 	1.0 	1.0 	0.0 	1.0 	1.0 	1.0 	-21.6 	1.0 	1.0 	1.0 	1.0 	1.0 	1.0 	1.0 	5.2 	1.0 	1.0 	16.6 	1.0 	1.0 	1.0 	1.0 
1.0 	1.0 	4.3 	1.0 	1.0 	1.0 	1.0 	1.0 	1.0 	1.0 	1.0 	1.0 	9.2 	1.0 	1.0 	1.0 	1.0 	5.8 	1.0 	12.2 	1.0 	4.3 	1.0 	1.0 	1.0 	1.0 	1.0 	1.0 	1.0 	-14.2 	1.0 	1.0 	1.0 	1.0 	-33.9 	1.0 	1.0 	1.0 	1.0 	1.0 	1.0 	1.0 	1.0 	1.0 	-24.2 	1.0 	1.0 	1.0 	1.0 	1.0 	1.0 	7.1 	1.0 	1.0 	1.0 	8.2 	1.0 	1.0 	1.0 	1.0 	1.0 	1.0 	8.1 	1.0 	1.0 	0.4 	1.0 	1.0 	1.0 	1.0 	1.0 	1.0 	17.8 	1.0 	1.0 	1.0 	1.0 	1.0 	1.0 	1.0 	1.0 	0.0 	18.7 	1.0 	1.0 	1.0 	1.0 	1.0 	1.0 	1.0 	1.0 	1.0 	1.0 	1.0 	1.0 	1.0 	1.0 	1.0 	-4.4 	1.0 
1.0 	1.0 	1.0 	1.0 	1.0 	1.0 	1.0 	1.0 	1.0 	1.0 	18.7 	17.6 	-31.4 	1.0 	1.0 	1.0 	3.7 	-18.2 	1.0 	-40.4 	1.0 	1.0 	7.3 	1.0 	-11.0 	1.0 	1.0 	1.0 	8.6 	1.0 	0.3 	1.0 	10.6 	1.0 	13.8 	1.0 	1.0 	1.0 	7.2 	1.0 	1.0 	1.0 	1.0 	1.0 	1.0 	1.0 	1.0 	1.0 	1.0 	1.0 	-2.1 	1.0 	1.0 	1.0 	1.0 	1.0 	1.0 	-22.6 	1.0 	1.0 	1.0 	1.0 	1.0 	1.0 	1.0 	18.4 	1.0 	12.7 	19.5 	1.0 	1.0 	1.0 	1.0 	1.0 	1.0 	1.0 	1.0 	1.0 	0.4 	-20.6 	1.0 	1.0 	0.0 	17.6 	1.0 	1.0 	1.0 	1.0 	1.0 	19.3 	1.0 	10.4 	1.0 	1.0 	0.4 	-20.0 	0.4 	2.2 	1.0 	9.5 
11.3 	1.0 	1.0 	1.0 	-11.8 	-44.0 	1.0 	15.3 	10.9 	1.0 	12.6 	1.0 	1.0 	16.1 	11.1 	1.0 	1.0 	4.5 	1.0 	1.0 	1.0 	1.0 	1.0 	1.0 	1.0 	1.0 	1.0 	1.0 	1.0 	1.0 	1.0 	1.0 	1.0 	1.0 	1.0 	1.0 	1.0 	1.0 	1.0 	1.0 	1.3 	-36.3 	-3.3 	18.7 	17.3 	-32.4 	1.0 	1.0 	-40.9 	1.0 	1.0 	10.6 	1.0 	1.0 	1.0 	1.0 	1.0 	1.0 	1.0 	1.0 	1.0 	1.0 	1.0 	1.0 	1.0 	1.0 	16.5 	1.0 	1.0 	1.0 	1.0 	1.0 	1.0 	1.0 	1.0 	8.3 	1.0 	1.0 	1.0 	1.0 	1.0 	15.1 	16.0 	0.0 	1.0 	9.3 	1.0 	14.1 	14.1 	2.9 	1.0 	12.2 	1.0 	1.0 	1.0 	1.0 	1.0 	1.0 	1.0 	1.0 
1.0 	1.0 	1.0 	1.0 	0.1 	0.9 	1.0 	1.0 	1.0 	1.0 	1.0 	1.0 	1.0 	1.0 	1.0 	1.0 	-42.1 	1.0 	1.0 	1.0 	6.4 	9.7 	1.0 	1.0 	-25.4 	1.0 	8.4 	1.0 	1.0 	1.0 	1.0 	1.0 	16.0 	1.0 	1.0 	1.0 	1.0 	1.0 	1.0 	20.0 	-36.9 	1.0 	1.0 	1.0 	1.0 	1.0 	0.6 	1.0 	1.0 	1.0 	14.0 	1.0 	2.2 	14.0 	1.0 	1.0 	1.0 	10.7 	1.0 	1.0 	1.0 	-4.8 	2.5 	1.0 	1.0 	1.0 	1.0 	1.0 	7.6 	1.0 	1.0 	1.0 	17.6 	1.0 	1.0 	1.0 	1.0 	1.0 	1.0 	1.0 	1.0 	1.0 	1.0 	1.0 	0.0 	1.0 	1.0 	9.1 	1.0 	1.0 	1.0 	1.0 	1.0 	1.0 	1.0 	14.2 	1.0 	1.0 	14.8 	1.0 
1.0 	1.0 	2.2 	1.0 	1.5 	1.0 	1.0 	1.0 	1.0 	1.0 	1.0 	18.6 	1.0 	7.5 	-16.4 	1.0 	1.0 	1.0 	1.0 	3.9 	-18.0 	1.0 	1.0 	2.4 	1.0 	1.0 	1.0 	1.0 	1.0 	-25.7 	1.0 	1.0 	1.0 	12.2 	1.0 	-18.3 	1.1 	1.0 	1.0 	1.0 	1.0 	1.0 	1.0 	13.8 	1.0 	1.0 	1.0 	13.9 	1.0 	1.0 	17.0 	-20.8 	1.0 	1.0 	5.4 	1.0 	0.8 	1.0 	1.0 	1.0 	1.0 	12.9 	1.0 	1.0 	1.0 	1.0 	0.2 	1.0 	1.0 	1.0 	5.6 	1.0 	1.0 	2.5 	12.9 	1.0 	1.0 	-47.9 	1.0 	1.0 	1.0 	1.0 	1.0 	1.0 	14.0 	0.0 	1.0 	1.0 	1.0 	1.0 	1.0 	1.0 	1.0 	1.0 	1.0 	1.0 	13.4 	2.0 	1.0 	1.0 
1.0 	1.0 	1.0 	1.0 	1.0 	1.0 	1.0 	15.1 	1.0 	1.0 	1.0 	1.0 	1.0 	1.0 	1.0 	10.5 	1.0 	1.0 	1.0 	1.0 	1.0 	12.1 	1.0 	19.5 	1.0 	1.0 	1.0 	1.0 	1.0 	1.0 	1.0 	1.0 	1.0 	1.0 	1.0 	1.0 	19.0 	1.0 	1.0 	1.0 	1.0 	1.0 	1.0 	1.0 	6.9 	1.0 	1.0 	1.0 	1.0 	1.0 	1.0 	1.0 	1.0 	1.0 	1.0 	1.0 	1.0 	-40.5 	4.4 	1.0 	1.0 	8.5 	1.0 	1.0 	9.0 	17.4 	-3.3 	1.0 	1.0 	1.0 	1.0 	20.0 	1.0 	1.0 	1.0 	1.0 	1.0 	1.0 	10.0 	1.0 	-26.3 	1.1 	1.0 	13.2 	1.0 	12.3 	0.0 	1.0 	1.0 	1.0 	1.0 	1.8 	1.0 	1.0 	-5.7 	12.2 	1.2 	1.0 	1.0 	1.0 
1.0 	0.7 	1.0 	1.0 	1.0 	1.0 	1.0 	1.0 	17.1 	1.0 	11.3 	1.0 	1.0 	1.0 	1.0 	1.0 	1.0 	1.0 	6.6 	1.0 	1.0 	13.9 	1.0 	1.0 	1.0 	1.0 	1.0 	1.0 	1.0 	16.1 	1.0 	1.0 	1.0 	1.0 	1.0 	1.0 	1.0 	1.0 	1.0 	1.0 	1.0 	-30.6 	1.0 	7.9 	1.0 	1.0 	0.2 	1.0 	1.0 	1.0 	1.0 	1.0 	4.6 	1.0 	1.0 	1.0 	1.0 	1.0 	1.0 	1.0 	-32.9 	1.0 	9.6 	1.0 	1.0 	-27.7 	1.0 	1.0 	1.0 	6.7 	1.0 	1.0 	1.3 	13.1 	1.0 	1.0 	1.0 	1.0 	15.4 	7.5 	1.0 	1.0 	-18.0 	1.0 	10.8 	14.2 	1.0 	0.0 	1.0 	3.4 	1.0 	9.4 	1.0 	1.0 	6.6 	1.0 	1.0 	1.0 	1.0 	1.0 
5.8 	-45.0 	7.1 	1.0 	1.0 	1.0 	1.0 	1.0 	6.6 	1.0 	1.0 	1.0 	1.0 	1.0 	17.4 	1.0 	4.8 	1.0 	1.0 	1.0 	-42.8 	1.0 	1.0 	1.0 	4.0 	1.0 	10.9 	1.0 	1.0 	1.0 	1.0 	1.0 	1.0 	1.0 	1.0 	1.0 	1.0 	0.2 	11.9 	1.0 	1.0 	1.0 	1.0 	15.0 	1.0 	18.9 	1.0 	1.0 	1.0 	1.0 	1.0 	1.0 	1.0 	18.5 	1.0 	12.7 	1.0 	1.0 	1.0 	5.2 	1.0 	18.8 	1.0 	1.0 	1.0 	1.0 	9.3 	1.0 	1.0 	1.0 	6.0 	1.0 	1.0 	1.0 	1.0 	-3.0 	1.0 	1.0 	1.0 	1.0 	2.3 	1.0 	1.0 	1.0 	1.0 	1.0 	1.0 	18.9 	0.0 	1.0 	1.0 	0.7 	1.0 	1.0 	1.0 	1.0 	5.8 	1.0 	1.0 	1.0 
1.0 	1.0 	1.0 	1.0 	1.0 	1.0 	1.0 	1.0 	1.0 	1.0 	1.0 	1.0 	1.0 	1.0 	1.0 	1.0 	1.0 	1.0 	1.0 	1.0 	1.0 	1.0 	1.0 	1.0 	1.0 	1.0 	3.4 	-18.6 	1.0 	1.0 	1.0 	1.0 	1.0 	1.0 	1.0 	1.0 	5.7 	1.0 	1.0 	-30.4 	1.0 	1.9 	1.0 	1.0 	1.0 	1.0 	1.0 	1.0 	1.0 	1.0 	1.0 	15.5 	1.0 	14.4 	1.0 	1.0 	1.0 	13.6 	1.0 	1.0 	16.8 	0.2 	1.0 	1.0 	1.0 	1.0 	1.0 	8.7 	1.0 	1.0 	1.0 	1.0 	-42.2 	1.0 	1.0 	1.0 	1.0 	1.0 	1.0 	1.0 	1.0 	19.3 	1.0 	1.0 	1.0 	1.0 	1.0 	1.0 	1.0 	0.0 	1.0 	1.0 	1.0 	1.0 	1.0 	6.4 	1.0 	1.0 	1.0 	1.0 
1.0 	1.0 	1.0 	3.8 	1.0 	1.0 	1.0 	1.0 	6.2 	1.0 	1.0 	1.0 	1.0 	-9.0 	-29.9 	-36.6 	1.0 	1.0 	1.0 	1.0 	13.9 	1.0 	1.0 	1.0 	1.0 	1.0 	1.0 	0.2 	1.0 	1.0 	-47.9 	1.0 	1.0 	1.0 	1.8 	1.0 	14.9 	-7.0 	1.0 	1.0 	1.0 	1.0 	1.0 	1.0 	1.0 	1.0 	1.0 	1.0 	1.0 	1.0 	1.0 	1.0 	1.0 	1.0 	1.0 	1.0 	1.0 	1.0 	1.0 	1.0 	1.0 	1.0 	1.0 	1.0 	1.0 	1.0 	1.0 	1.0 	1.0 	6.4 	1.0 	1.0 	1.0 	14.5 	1.0 	1.0 	1.0 	0.4 	-35.0 	1.0 	1.0 	1.0 	18.3 	1.0 	1.0 	1.0 	1.0 	1.0 	1.0 	1.0 	0.0 	1.0 	1.0 	1.0 	1.0 	1.0 	1.0 	1.0 	5.8 	1.0 
0.3 	1.0 	1.0 	1.0 	1.0 	1.0 	1.0 	1.0 	1.0 	1.0 	1.0 	-19.3 	1.0 	1.0 	1.4 	15.6 	1.0 	1.0 	1.0 	1.0 	1.0 	1.0 	3.2 	1.0 	-32.9 	1.0 	1.0 	1.0 	1.0 	1.0 	1.0 	1.0 	16.7 	16.8 	8.2 	1.0 	1.0 	1.0 	1.0 	1.0 	0.9 	1.0 	1.0 	1.0 	1.0 	1.0 	15.7 	1.0 	1.0 	1.0 	1.0 	1.0 	1.0 	1.0 	1.0 	1.0 	1.0 	1.0 	1.0 	1.0 	1.0 	1.0 	1.0 	1.0 	1.0 	1.0 	-22.0 	1.0 	1.0 	1.0 	1.0 	1.0 	1.0 	1.0 	1.0 	1.0 	1.0 	1.0 	1.0 	1.0 	11.5 	3.6 	1.0 	1.0 	1.0 	19.2 	1.0 	1.0 	1.0 	1.0 	16.6 	0.0 	1.0 	1.0 	1.0 	1.0 	0.4 	19.9 	1.0 	1.0 
1.0 	1.0 	1.0 	1.0 	13.5 	1.0 	1.0 	1.0 	1.0 	1.0 	1.0 	1.0 	1.0 	1.0 	1.0 	1.0 	1.0 	1.0 	1.0 	1.0 	2.3 	1.0 	1.0 	1.0 	1.0 	1.0 	-14.8 	1.0 	1.0 	1.0 	1.0 	1.0 	8.3 	1.0 	1.0 	1.0 	17.2 	1.0 	1.0 	1.0 	1.0 	2.4 	1.0 	1.0 	1.0 	1.0 	1.0 	1.0 	1.0 	1.0 	1.0 	1.0 	1.0 	1.0 	1.0 	1.0 	-31.1 	1.0 	1.0 	1.0 	1.0 	1.0 	1.0 	19.0 	1.0 	1.0 	1.0 	1.0 	5.0 	1.0 	1.0 	1.0 	1.0 	1.0 	1.0 	1.0 	1.0 	1.0 	1.0 	12.4 	1.0 	19.7 	1.0 	1.0 	9.2 	1.0 	1.0 	1.0 	1.0 	1.0 	1.0 	12.6 	0.0 	1.0 	1.0 	1.0 	1.0 	1.0 	1.8 	1.0 
3.5 	1.0 	1.0 	3.1 	3.2 	13.4 	1.0 	1.0 	1.0 	1.0 	1.0 	1.0 	1.6 	1.0 	1.0 	1.0 	1.0 	1.0 	1.0 	1.0 	1.0 	1.0 	-43.0 	-16.7 	5.6 	1.0 	1.0 	1.0 	1.0 	1.0 	-23.1 	1.0 	1.0 	1.0 	1.0 	1.0 	1.0 	1.0 	1.0 	1.0 	1.0 	1.0 	1.0 	1.0 	1.0 	1.0 	15.9 	1.0 	-45.7 	1.0 	1.0 	1.0 	1.0 	1.0 	1.0 	1.0 	1.0 	1.0 	-14.1 	1.0 	1.0 	1.0 	8.3 	1.0 	1.0 	1.0 	1.0 	1.0 	1.0 	1.0 	1.0 	1.0 	8.9 	1.0 	1.0 	1.0 	1.0 	1.0 	1.0 	5.6 	1.0 	1.0 	1.0 	15.4 	17.3 	-0.5 	1.0 	1.0 	1.0 	7.2 	1.0 	1.0 	1.0 	0.0 	1.0 	3.3 	1.0 	1.0 	6.1 	1.0 
1.0 	-34.4 	1.0 	1.0 	1.0 	1.0 	1.0 	1.0 	1.0 	1.0 	1.0 	1.0 	1.0 	1.0 	1.0 	1.0 	1.0 	1.0 	1.0 	1.0 	1.0 	1.0 	1.0 	1.0 	1.0 	1.0 	1.0 	18.2 	1.0 	15.6 	1.0 	1.0 	1.0 	1.0 	1.0 	1.0 	1.0 	1.0 	1.0 	-33.6 	1.0 	1.0 	1.0 	1.0 	1.0 	1.0 	1.0 	1.0 	12.6 	1.0 	1.0 	16.5 	1.0 	1.0 	1.9 	1.0 	1.0 	1.0 	1.0 	1.0 	1.0 	1.0 	1.0 	1.0 	1.0 	1.0 	1.0 	1.0 	1.0 	1.0 	7.9 	1.0 	9.0 	1.0 	1.0 	-17.8 	1.0 	1.0 	1.0 	1.0 	1.0 	1.0 	1.0 	1.0 	1.0 	1.0 	1.0 	1.0 	1.0 	1.0 	1.0 	1.0 	1.0 	11.7 	0.0 	1.0 	2.0 	1.0 	1.0 	1.0 
1.0 	1.0 	1.0 	1.0 	1.0 	1.0 	1.0 	18.6 	1.0 	-15.9 	1.0 	1.0 	16.0 	-32.4 	1.0 	1.0 	1.0 	1.0 	1.0 	1.0 	1.0 	1.0 	1.0 	1.0 	1.0 	1.0 	1.0 	1.0 	1.0 	1.0 	1.0 	1.0 	1.0 	1.0 	1.0 	1.0 	1.0 	1.0 	1.0 	1.0 	1.0 	1.0 	1.0 	14.1 	1.0 	1.0 	1.0 	1.0 	1.0 	1.0 	1.0 	1.0 	5.9 	1.0 	1.0 	1.0 	1.0 	1.0 	1.0 	8.0 	1.0 	18.1 	1.0 	1.0 	1.0 	13.8 	1.0 	1.0 	1.0 	1.0 	1.0 	1.0 	20.0 	1.0 	9.9 	1.0 	1.0 	1.0 	1.0 	3.7 	1.0 	1.0 	1.0 	1.0 	1.0 	1.0 	1.0 	1.0 	1.0 	1.0 	1.0 	1.0 	-41.5 	1.0 	1.0 	0.0 	1.0 	1.0 	1.0 	13.2 
1.0 	1.0 	1.0 	1.0 	0.6 	1.0 	1.0 	1.0 	1.0 	1.0 	1.0 	1.0 	1.0 	1.0 	1.0 	1.0 	1.0 	1.0 	-34.8 	1.0 	1.0 	14.0 	1.0 	1.0 	1.0 	1.0 	1.0 	1.0 	1.0 	1.0 	1.0 	1.0 	1.0 	1.0 	1.0 	-8.4 	1.0 	1.0 	1.0 	2.5 	1.0 	1.0 	1.0 	1.0 	1.0 	4.1 	1.0 	1.0 	1.0 	1.0 	1.0 	1.0 	1.0 	1.0 	1.0 	1.0 	1.0 	1.0 	1.0 	1.0 	1.0 	1.0 	1.0 	1.0 	1.0 	1.0 	1.0 	1.0 	14.0 	1.0 	-5.2 	1.0 	1.0 	1.0 	1.0 	1.0 	1.0 	1.0 	1.0 	15.6 	1.0 	1.0 	1.0 	1.0 	16.9 	1.0 	-40.4 	1.0 	0.1 	1.0 	14.2 	1.0 	1.0 	1.0 	1.0 	1.0 	0.0 	1.0 	1.0 	1.0 
6.5 	2.4 	1.0 	1.0 	1.0 	1.0 	1.0 	1.0 	2.5 	1.0 	1.0 	1.0 	1.0 	1.0 	11.3 	1.0 	1.0 	1.0 	1.0 	1.0 	1.0 	1.0 	1.0 	-17.1 	1.0 	14.1 	1.0 	1.0 	1.0 	1.0 	1.0 	15.1 	1.0 	1.0 	1.0 	1.0 	10.0 	1.0 	1.0 	5.4 	1.0 	1.0 	1.0 	1.0 	1.0 	1.0 	0.0 	1.0 	10.8 	1.0 	1.0 	1.0 	1.0 	9.9 	1.0 	1.0 	1.0 	1.0 	1.0 	17.9 	1.0 	1.0 	1.0 	1.0 	1.0 	1.0 	1.0 	1.0 	-41.2 	1.0 	1.0 	1.0 	1.0 	1.0 	11.8 	1.0 	1.0 	1.0 	1.0 	1.0 	1.0 	1.0 	1.0 	1.0 	-48.3 	1.0 	4.5 	-43.4 	1.0 	1.0 	1.0 	2.0 	1.0 	12.1 	1.0 	1.0 	1.0 	0.0 	1.0 	1.0 
1.0 	1.0 	1.0 	1.0 	1.0 	1.0 	-34.9 	1.0 	1.0 	1.0 	1.0 	19.3 	1.0 	1.0 	1.0 	1.0 	1.0 	1.0 	1.0 	1.0 	1.0 	-4.2 	1.0 	1.0 	1.0 	1.0 	1.0 	1.0 	1.0 	1.0 	1.0 	1.0 	1.0 	-42.5 	1.0 	1.0 	1.0 	1.0 	1.0 	1.0 	1.0 	1.0 	1.0 	1.0 	1.0 	1.0 	1.0 	1.0 	1.0 	1.0 	17.8 	1.0 	1.0 	1.0 	1.0 	1.0 	1.0 	15.9 	1.0 	1.0 	1.0 	1.0 	4.1 	1.0 	11.2 	1.0 	-46.3 	1.0 	1.0 	1.0 	1.0 	1.0 	1.0 	1.0 	3.5 	1.0 	1.0 	1.0 	-42.2 	1.0 	1.0 	1.0 	1.0 	1.0 	1.0 	1.0 	1.0 	1.0 	1.0 	1.0 	9.9 	1.0 	1.0 	18.9 	1.0 	1.0 	1.0 	1.0 	0.0 	1.0 
1.0 	1.0 	1.0 	1.0 	7.8 	1.0 	1.0 	1.0 	6.7 	1.0 	18.4 	1.0 	1.0 	1.0 	1.0 	1.0 	1.0 	1.0 	1.0 	1.0 	1.0 	1.0 	1.0 	1.0 	1.0 	1.0 	17.0 	1.0 	1.2 	15.7 	1.0 	17.5 	1.0 	1.0 	1.0 	1.0 	1.0 	7.2 	8.4 	1.0 	1.0 	1.0 	1.0 	1.0 	1.0 	1.0 	1.0 	1.0 	-2.9 	1.0 	1.0 	1.0 	1.0 	1.0 	15.1 	1.0 	1.0 	1.0 	1.0 	1.0 	1.0 	19.8 	1.0 	1.0 	1.0 	1.0 	1.0 	1.0 	1.0 	1.0 	1.0 	1.0 	2.0 	1.0 	1.0 	1.0 	1.0 	1.0 	1.0 	1.0 	1.0 	1.0 	1.0 	1.0 	11.8 	1.0 	1.0 	1.0 	1.0 	1.0 	1.0 	1.0 	1.0 	1.0 	1.0 	1.5 	1.0 	1.0 	-47.6 	0.0 
